res	aa	Beta	Turn	Helix	Aggregation	Conc-Stab_Aggregation
01	  A	  1.0	  0.0	0.000	0.000	0.000
02	  V	  5.1	  0.0	0.000	91.005	91.005
03	  I	  6.9	  0.0	0.000	91.005	91.005
04	  A	  6.1	  0.0	0.000	91.005	91.005
05	  Y	  3.2	  0.0	0.000	91.005	91.005
06	  I	  2.1	  0.0	0.000	91.005	91.005
07	  K	  2.1	  0.2	0.000	0.027	0.027
08	  E	  0.9	  0.4	0.000	0.027	0.027
09	  K	  0.3	  3.4	0.000	0.000	0.000
10	  G	  0.0	  3.5	0.000	0.000	0.000
11	  D	  0.3	  3.4	0.120	0.000	0.000
12	  T	  1.1	  3.1	0.260	0.000	0.000
13	  R	  1.2	  0.2	0.260	0.000	0.000
14	  R	  1.0	  0.2	0.260	0.000	0.000
15	  E	  0.6	  0.2	0.260	0.000	0.000
16	  H	  0.7	  0.2	0.260	0.000	0.000
17	  N	  0.9	  1.1	0.140	0.000	0.000
18	  L	  0.7	  1.1	0.140	0.000	0.000
19	  N	  0.5	  1.0	0.140	0.000	0.000
20	  R	  0.2	  1.0	0.000	0.000	0.000
