res	aa	Beta	Turn	Helix	Aggregation	Conc-Stab_Aggregation
01	  I	  1.0	  0.1	0.000	0.000	0.000
02	  Y	  1.2	  0.1	0.000	0.000	0.000
03	  G	  1.3	  0.1	0.000	0.000	0.000
04	  F	  0.7	  0.1	0.000	0.000	0.000
05	  S	  0.5	  0.2	0.000	0.000	0.000
06	  P	  0.4	  0.2	0.000	0.000	0.000
07	  C	  1.0	  0.2	0.000	0.000	0.000
08	  H	  2.0	  0.2	0.000	0.000	0.000
09	  E	  3.3	  0.0	0.000	0.000	0.000
10	  I	  4.8	  0.0	0.000	5.617	5.617
11	  S	  4.1	  0.0	0.182	5.837	5.837
12	  I	  6.1	  0.0	0.182	5.837	5.837
13	  M	  3.8	  0.0	0.182	5.837	5.837
14	  L	  3.6	  0.0	0.182	5.837	5.837
15	  A	  0.4	  0.0	0.182	4.033	4.033
16	  S	  0.1	  0.0	0.182	0.000	0.000
