res	aa	Beta	Turn	Helix	Aggregation	Conc-Stab_Aggregation
01	  M	  0.1	  0.1	0.000	0.000	0.000
02	  K	  0.2	  0.1	0.000	0.000	0.000
03	  K	  0.4	  0.1	0.000	0.000	0.000
04	  F	  1.0	  0.1	0.000	61.846	61.846
05	  L	  1.8	  0.0	0.000	72.993	72.993
06	  L	  2.0	  0.0	0.000	73.324	73.324
07	  L	  1.4	  0.0	0.000	73.382	73.382
08	  S	  1.2	  0.1	0.000	73.382	73.382
09	  T	  4.3	  0.1	0.000	72.405	72.405
10	  T	  8.9	  0.1	0.000	71.700	71.700
11	  F	  8.2	  0.0	0.000	69.557	69.557
12	  M	  4.8	  0.0	0.000	0.000	0.000
