res	aa	Beta	Turn	Helix	Aggregation	Conc-Stab_Aggregation
01	  M	  0.1	  0.0	0.000	0.000	0.000
02	  A	  0.3	  0.0	0.000	0.000	0.000
03	  T	  1.1	  0.1	0.000	0.000	0.000
04	  Q	  1.2	  0.1	0.000	0.000	0.000
05	  T	  1.1	  0.5	0.000	0.000	0.000
06	  K	  0.3	  0.5	0.000	0.000	0.000
07	  G	  0.1	  0.4	0.000	0.000	0.000
08	  Y	  1.1	  0.4	0.000	0.762	0.762
09	  Y	  3.0	  0.0	0.000	0.762	0.762
10	  Y	  8.7	  0.0	0.000	0.762	0.762
11	  S	 15.3	  1.1	0.000	0.762	0.762
12	  Y	 13.9	  7.8	0.000	0.762	0.762
13	  N	  8.6	  7.8	0.000	0.117	0.117
14	  G	  0.5	  7.8	0.000	0.117	0.117
15	  Y	  0.0	  6.7	0.000	0.117	0.117
16	  V	  0.0	  0.0	0.000	0.000	0.000
