res	aa	Beta	Turn	Helix	Aggregation	Conc-Stab_Aggregation
01	  M	  2.1	  0.0	0.000	0.000	0.000
02	  K	  2.3	  0.0	0.000	0.000	0.000
03	  I	  2.5	  0.0	0.000	0.000	0.000
04	  G	  0.6	  0.0	0.119	0.000	0.000
05	  Y	  0.9	  0.1	0.119	0.000	0.000
06	  A	  1.0	  0.1	0.119	0.000	0.000
07	  R	  2.1	  0.1	0.119	0.000	0.000
08	  V	  2.4	  0.3	0.119	0.000	0.000
09	  S	  2.2	  0.2	0.119	0.000	0.000
10	  T	  1.0	  0.2	0.000	0.000	0.000
11	  G	  0.1	  0.2	0.000	0.000	0.000
12	  L	  0.0	  0.1	0.000	0.000	0.000
