res	aa	Beta	Turn	Helix	Aggregation	Conc-Stab_Aggregation
01	  M	  0.1	  0.0	0.000	0.000	0.000
02	  K	  0.7	  0.0	0.000	0.000	0.000
03	  T	 10.0	  0.0	0.085	0.000	0.000
04	  I	 12.9	  0.0	0.085	0.000	0.000
05	  T	 12.7	  0.0	18.783	0.000	0.000
06	  Q	  3.5	  0.1	18.783	0.000	0.000
07	  E	  0.4	  0.1	18.884	0.000	0.000
08	  E	  0.7	  0.1	19.009	0.000	0.000
09	  L	  0.7	  0.1	19.009	0.000	0.000
10	  N	  0.8	  0.1	19.223	0.000	0.000
11	  K	  0.6	  0.1	17.218	0.000	0.000
12	  I	  3.0	  0.0	11.770	0.000	0.000
13	  L	  3.0	  0.0	11.568	0.000	0.000
14	  V	  5.1	  0.0	8.484	0.000	0.000
15	  E	  3.6	  0.0	8.020	0.000	0.000
16	  H	  4.0	  0.1	2.188	0.000	0.000
17	  K	  2.0	  0.1	0.895	0.000	0.000
18	  L	  0.9	  0.1	0.093	0.000	0.000
19	  A	  0.4	  0.1	0.000	0.000	0.000
