res	aa	Beta	Turn	Helix	Aggregation	Conc-Stab_Aggregation
01	  I	  0.5	  0.0	0.000	0.000	0.000
02	  E	  0.6	  0.0	0.000	0.000	0.000
03	  Q	  1.6	  0.0	0.000	0.000	0.000
04	  V	  3.4	  0.0	0.000	0.000	0.000
05	  Y	  5.1	  0.0	0.000	0.000	0.000
06	  R	  4.3	  0.0	0.000	0.000	0.000
07	  A	  2.3	  0.0	0.000	0.000	0.000
08	  F	  2.4	  0.0	0.000	0.000	0.000
09	  K	  2.7	  0.0	0.000	0.000	0.000
10	  I	  5.0	  0.0	0.000	0.000	0.000
11	  M	  3.4	  0.2	0.000	0.000	0.000
12	  R	  2.9	  0.2	0.000	0.000	0.000
13	  G	  0.3	  0.2	0.000	0.000	0.000
14	  E	  0.2	  0.2	0.000	0.000	0.000
15	  A	  0.6	  0.1	0.000	0.000	0.000
16	  Y	  1.9	  0.0	0.000	0.000	0.000
17	  H	  1.8	  0.0	0.000	0.000	0.000
18	  K	  1.3	  0.0	0.000	0.000	0.000
