res	aa	Beta	Turn	Helix	Aggregation	Conc-Stab_Aggregation
01	  M	  0.1	  0.1	0.000	0.000	0.000
02	  K	  0.5	  0.1	0.000	0.000	0.000
03	  R	  0.7	  0.2	0.000	0.000	0.000
04	  K	  0.6	  0.2	0.000	0.000	0.000
05	  H	  0.3	  0.2	0.000	0.000	0.000
06	  N	  0.3	  0.3	0.187	0.000	0.000
07	  K	  0.3	  0.2	0.187	0.000	0.000
08	  E	  0.3	  0.3	0.187	0.000	0.000
09	  E	  0.6	  0.3	0.187	0.000	0.000
10	  S	  1.1	  0.3	0.187	0.000	0.000
11	  K	  1.8	  0.2	0.187	0.000	0.000
12	  T	  1.5	  0.2	0.000	0.000	0.000
13	  H	  0.9	  0.4	0.000	0.000	0.000
14	  P	  0.2	  0.2	0.000	0.000	0.000
15	  A	  0.4	  0.2	0.000	0.000	0.000
16	  Y	  1.5	  0.3	0.000	0.000	0.000
17	  T	  1.8	  0.2	0.000	0.000	0.000
18	  E	  1.4	  0.2	0.000	0.000	0.000
19	  S	  0.3	  0.2	0.000	0.000	0.000
20	  L	  0.0	  0.2	0.000	0.000	0.000
