res	aa	Beta	Turn	Helix	Aggregation	Conc-Stab_Aggregation
01	  M	  0.0	  0.1	0.000	0.000	0.000
02	  G	  0.1	  0.1	0.119	0.367	0.367
03	  Q	  3.1	  0.1	0.119	2.010	2.010
04	  F	  4.7	  0.1	0.119	90.144	90.144
05	  F	  5.5	  0.0	0.119	96.861	96.861
06	  A	  2.6	  0.0	0.119	97.374	97.374
07	  Y	  1.3	  0.0	0.119	97.975	97.975
08	  A	  0.6	  0.0	0.119	98.111	98.111
09	  T	  1.2	  0.0	0.255	97.747	97.747
10	  A	  1.1	  0.0	0.255	97.397	97.397
11	  F	  2.1	  0.0	0.255	97.097	97.097
12	  A	  2.0	  0.0	0.136	93.123	93.123
13	  V	  3.4	  0.0	0.136	91.783	91.783
14	  K	  2.3	  0.3	0.136	0.029	0.029
15	  E	  1.6	  0.4	0.000	0.029	0.029
16	  N	  0.1	  0.4	0.000	0.000	0.000
17	  D	  0.1	  0.4	0.000	0.000	0.000
18	  H	  1.3	  0.1	0.000	0.000	0.000
19	  V	  1.3	  0.0	0.000	0.000	0.000
20	  A	  1.2	  0.0	0.000	0.000	0.000
