res	aa	Beta	Turn	Helix	Aggregation	Conc-Stab_Aggregation
01	  M	  0.1	  0.0	0.000	0.000	0.000
02	  A	  0.1	  0.4	0.000	0.000	0.000
03	  A	  0.2	  0.4	0.000	0.000	0.000
04	  D	  0.2	  0.4	0.000	0.000	0.000
05	  L	  0.7	  0.4	0.000	0.656	0.656
06	  I	  1.6	  0.1	0.000	0.656	0.656
07	  S	  1.8	  0.0	0.000	0.656	0.656
08	  T	  1.7	  0.2	0.000	0.656	0.656
09	  I	  0.8	  2.1	0.000	0.656	0.656
10	  G	  0.4	  2.1	0.000	0.000	0.000
11	  D	  0.2	  2.1	0.000	0.000	0.000
12	  L	  0.5	  2.0	0.000	0.000	0.000
13	  V	  0.5	  0.0	0.000	0.000	0.000
14	  K	  0.4	  0.0	0.000	0.000	0.000
