res	aa	Beta	Turn	Helix	Aggregation	Conc-Stab_Aggregation
01	  M	  1.0	  0.0	0.000	0.000	0.000
02	  L	  1.9	  0.0	0.000	1.768	1.768
03	  V	  5.2	  0.0	0.000	1.768	1.768
04	  A	  4.4	  0.0	0.000	1.768	1.768
05	  L	  3.5	  0.0	0.000	1.768	1.768
06	  N	  0.2	  0.2	1.559	1.768	1.768
07	  E	  0.2	  0.2	1.706	0.000	0.000
08	  E	  0.2	  0.2	1.706	0.000	0.000
09	  K	  0.4	  0.3	1.706	0.000	0.000
10	  E	  0.3	  0.1	1.706	0.000	0.000
11	  R	  1.8	  0.1	1.706	0.000	0.000
12	  V	  2.8	  0.0	1.471	17.552	17.552
13	  L	  2.7	  0.0	1.356	17.751	17.751
14	  A	  1.3	  0.0	0.580	17.751	17.751
15	  T	  0.8	  0.0	0.222	17.751	17.751
16	  T	  1.2	  0.0	0.106	17.751	17.751
17	  A	  1.3	  0.0	0.106	14.832	14.832
18	  L	  1.0	  0.0	0.106	13.785	13.785
19	  R	  0.6	  0.0	0.000	0.000	0.000
20	  K	  0.3	  0.0	0.000	0.000	0.000
