res	aa	Beta	Turn	Helix	Aggregation	Conc-Stab_Aggregation
01	  M	  0.5	  0.0	0.000	0.000	0.000
02	  I	  4.0	  0.0	0.000	7.342	7.342
03	  T	  4.8	  0.0	0.720	7.516	7.516
04	  T	  5.2	  0.0	1.032	7.516	7.516
05	  M	  2.7	  0.0	1.032	7.516	7.516
06	  L	  2.3	  0.0	1.032	7.516	7.516
07	  L	  1.6	  0.0	1.032	5.378	5.378
08	  N	  0.7	  0.2	1.784	0.204	0.204
09	  K	  0.9	  0.3	1.344	0.000	0.000
10	  Y	  2.0	  0.3	0.752	0.000	0.000
11	  D	  1.9	  0.4	0.903	0.000	0.000
12	  M	  1.5	  0.4	0.903	0.000	0.000
13	  H	  0.7	  0.3	0.903	0.000	0.000
14	  N	  1.4	  0.3	0.789	0.000	0.000
15	  Y	  2.1	  0.3	0.628	0.000	0.000
16	  K	  2.0	  0.1	0.298	0.000	0.000
17	  S	  2.4	  0.1	0.000	0.000	0.000
18	  F	  3.1	  0.1	0.000	0.000	0.000
19	  Y	  2.7	  0.0	0.000	0.000	0.000
20	  A	  1.6	  0.0	0.000	0.000	0.000
