res	aa	Beta	Turn	Helix	Aggregation	Conc-Stab_Aggregation
01	  M	  2.6	  0.0	0.000	0.000	0.000
02	  V	  3.1	  0.0	0.000	0.000	0.000
03	  A	  3.1	  0.0	0.000	0.000	0.000
04	  P	  0.4	  0.0	0.000	0.000	0.000
05	  A	  0.1	  0.0	0.000	0.000	0.000
06	  H	  0.4	  0.3	0.000	0.000	0.000
07	  Q	  0.4	  0.5	0.000	0.000	0.000
08	  S	  0.3	  0.5	0.000	0.000	0.000
09	  N	  0.1	  0.4	0.000	0.000	0.000
10	  M	  0.2	  0.3	0.000	0.000	0.000
11	  A	  0.3	  0.2	0.000	0.000	0.000
12	  S	  2.3	  0.5	0.000	0.000	0.000
13	  T	  2.2	  0.7	0.000	0.000	0.000
14	  S	  2.1	  0.6	0.000	0.000	0.000
15	  N	  0.1	  0.9	0.000	0.000	0.000
16	  R	  0.7	  0.6	0.000	0.000	0.000
17	  S	  5.7	  0.3	0.000	0.000	0.000
18	  I	  6.4	  0.3	0.000	0.000	0.000
19	  T	  5.8	  0.0	0.000	0.000	0.000
20	  P	  0.8	  0.0	0.000	0.000	0.000
