res	aa	Beta	Turn	Helix	Aggregation	Conc-Stab_Aggregation
01	  M	  0.1	  0.0	0.000	0.000	0.000
02	  D	  0.1	  0.2	0.520	0.000	0.000
03	  P	  0.1	  0.2	0.520	0.000	0.000
04	  Y	  1.2	  0.3	0.520	0.000	0.000
05	  M	  1.4	  0.5	0.520	0.000	0.000
06	  R	  1.4	  0.4	0.520	0.000	0.000
07	  G	  0.3	  0.4	0.520	0.000	0.000
08	  R	  2.7	  0.4	0.364	0.000	0.000
09	  M	  2.8	  0.3	0.000	0.000	0.000
10	  N	  2.9	  0.3	0.000	0.000	0.000
11	  D	  0.4	  0.4	0.000	0.000	0.000
12	  T	  3.4	  0.4	0.000	0.000	0.000
13	  K	  3.4	  0.5	0.000	0.000	0.000
14	  S	  3.2	  0.4	0.000	0.000	0.000
15	  N	  1.2	  0.3	0.000	0.000	0.000
16	  I	  1.3	  0.2	0.000	0.000	0.000
17	  Q	  1.3	  0.0	0.000	0.000	0.000
18	  P	  0.1	  0.0	0.000	0.000	0.000
19	  F	  0.0	  0.0	0.000	0.000	0.000
