res	aa	Beta	Turn	Helix	Aggregation	Conc-Stab_Aggregation
01	  A	  0.1	  0.3	0.000	0.000	0.000
02	  S	  0.1	  0.7	0.000	0.000	0.000
03	  G	  0.1	  1.1	0.000	0.000	0.000
04	  E	  0.1	  1.1	0.000	0.000	0.000
05	  N	  0.1	  0.9	0.702	0.000	0.000
06	  Q	  0.3	  0.4	0.702	0.000	0.000
07	  A	  0.3	  0.1	0.702	0.000	0.000
08	  E	  1.6	  0.1	0.702	0.000	0.000
09	  L	  2.7	  0.1	0.702	0.000	0.000
10	  K	  2.9	  0.1	0.702	0.000	0.000
11	  L	  1.7	  0.0	0.332	0.000	0.000
12	  A	  0.8	  0.1	0.127	0.000	0.000
13	  T	  1.2	  0.1	0.000	0.000	0.000
14	  H	  1.9	  0.1	0.000	0.000	0.000
15	  N	  5.6	  0.1	0.000	0.000	0.000
16	  V	  8.4	  0.0	0.000	0.000	0.000
17	  Y	  8.5	  0.0	0.000	0.000	0.000
18	  M	  4.5	  0.0	0.000	0.000	0.000
19	  L	  0.8	  0.0	0.000	0.000	0.000
