res	aa	Beta	Turn	Helix	Aggregation	Conc-Stab_Aggregation
01	  G	  0.0	  0.0	0.000	0.000	0.000
02	  L	  0.1	  0.0	0.000	0.744	0.744
03	  L	  0.1	  0.1	0.000	0.744	0.744
04	  G	  0.1	  0.2	0.000	0.744	0.744
05	  T	  0.1	  0.2	0.444	0.744	0.744
06	  L	  0.1	  1.1	0.444	0.744	0.744
07	  G	  0.1	  1.0	0.444	0.000	0.000
08	  N	  0.0	  0.9	0.444	0.000	0.000
09	  L	  0.4	  1.2	0.444	0.000	0.000
10	  L	  0.5	  1.9	0.444	0.000	0.000
11	  N	  0.5	  1.9	0.444	0.000	0.000
12	  G	  0.1	  1.9	0.130	0.000	0.000
13	  L	  0.1	  1.6	0.000	0.000	0.000
14	  G	  0.1	  0.1	0.000	0.000	0.000
15	  L	  0.1	  0.0	0.000	0.000	0.000
