res	aa	Beta	Turn	Helix	Aggregation	Conc-Stab_Aggregation
01	  M	  1.8	  0.0	0.000	0.000	0.000
02	  N	  2.0	  0.6	0.000	0.000	0.000
03	  L	  3.1	  0.6	0.000	0.000	0.000
04	  D	  1.8	  1.2	1.521	0.000	0.000
05	  F	  2.3	  1.2	1.521	0.000	0.000
06	  D	  1.1	  0.7	4.001	0.000	0.000
07	  A	  0.9	  0.7	4.001	0.532	0.532
08	  M	  0.6	  0.0	4.001	0.745	0.745
09	  Y	  1.4	  0.0	4.001	0.745	0.745
10	  A	  1.4	  0.0	3.813	0.745	0.745
11	  Y	  2.7	  0.0	3.678	0.745	0.745
12	  N	  2.1	  0.0	2.360	0.394	0.394
13	  L	  2.0	  0.1	1.939	0.394	0.394
14	  K	  0.6	  0.1	1.763	0.000	0.000
15	  R	  1.0	  0.1	0.959	0.000	0.000
16	  F	  0.9	  0.1	0.429	0.000	0.000
17	  Q	  0.7	  0.0	0.000	0.000	0.000
