res	aa	Beta	Turn	Helix	Aggregation	Conc-Stab_Aggregation
01	  M	  2.7	  0.0	0.000	0.000	0.000
02	  S	  3.2	  0.0	0.000	1.950	1.950
03	  F	  3.5	  0.2	0.000	8.469	8.469
04	  L	  0.9	  1.3	0.000	9.519	9.519
05	  G	  0.4	  1.3	0.000	9.519	9.519
06	  S	  0.6	  1.3	0.000	10.087	10.087
07	  F	  1.2	  1.2	0.000	10.087	10.087
08	  L	  1.8	  0.0	0.000	9.775	9.775
09	  Y	  3.5	  0.1	0.000	7.081	7.081
10	  S	  3.0	  0.1	0.000	3.237	3.237
11	  K	  2.5	  0.1	0.000	0.000	0.000
12	  I	  0.3	  0.1	0.000	0.000	0.000
