res	aa	Beta	Turn	Helix	Aggregation	Conc-Stab_Aggregation
01	  M	  2.6	  0.0	0.000	0.000	0.000
02	  K	  3.1	  0.0	0.000	0.000	0.000
03	  C	  3.5	  0.0	0.000	0.000	0.000
04	  L	  1.1	  0.0	0.000	0.000	0.000
05	  F	  1.2	  0.6	0.000	0.000	0.000
06	  K	  0.8	  0.6	0.000	0.000	0.000
07	  N	  0.6	  0.7	0.110	0.000	0.000
08	  L	  0.1	  1.4	0.110	0.000	0.000
09	  G	  0.0	  0.9	0.110	0.000	0.000
10	  N	  0.4	  0.8	0.110	0.000	0.000
11	  L	  0.5	  0.7	0.110	0.000	0.000
12	  Y	  9.4	  0.0	0.110	0.000	0.000
13	  E	 21.7	  0.0	0.110	0.000	0.000
14	  V	 22.9	  0.0	0.000	0.000	0.000
15	  K	 15.7	  0.0	0.000	0.000	0.000
16	  E	  1.4	  0.0	0.000	0.000	0.000
