res	aa	Beta	Turn	Helix	Aggregation	Conc-Stab_Aggregation
01	  V	  1.0	  0.0	0.000	0.000	0.000
02	  I	  1.1	  2.1	0.000	0.000	0.000
03	  G	  1.1	  2.1	0.000	0.000	0.000
04	  G	  0.1	  2.1	0.000	0.000	0.000
05	  V	  3.6	  2.1	0.000	0.000	0.000
06	  E	  4.3	  0.0	0.000	0.000	0.000
07	  C	  5.3	  0.0	0.000	0.000	0.000
08	  D	  2.7	  0.5	0.000	0.000	0.000
09	  I	  2.1	  0.5	0.000	0.000	0.000
10	  N	  1.1	  0.7	0.000	0.000	0.000
11	  E	  0.4	  0.7	0.000	0.000	0.000
12	  H	  0.9	  0.2	0.000	0.000	0.000
13	  R	  1.7	  0.2	0.000	0.000	0.000
14	  F	  1.6	  0.0	0.000	0.000	0.000
15	  L	  0.8	  0.0	0.000	0.000	0.000
