res	aa	Beta	Turn	Helix	Aggregation	Conc-Stab_Aggregation
01	  M	  0.8	  0.0	0.000	0.000	0.000
02	  E	  0.9	  0.0	0.266	0.000	0.000
03	  M	  1.3	  0.0	0.266	16.492	16.492
04	  A	  0.7	  0.0	0.376	18.179	18.179
05	  L	  1.6	  0.0	0.376	18.179	18.179
06	  M	  2.3	  0.0	0.376	18.179	18.179
07	  V	  3.5	  0.0	0.506	18.179	18.179
08	  A	  2.5	  0.1	0.506	9.371	9.371
09	  Q	  1.6	  0.1	0.506	0.503	0.503
10	  T	  1.2	  0.2	0.131	0.000	0.000
11	  R	  1.2	  1.2	0.131	0.000	0.000
12	  K	  1.1	  1.2	0.131	0.000	0.000
13	  G	  0.1	  1.3	0.000	0.000	0.000
14	  K	  0.5	  1.2	0.000	0.000	0.000
15	  S	  1.6	  0.3	0.000	0.000	0.000
16	  V	  1.6	  0.1	0.000	0.000	0.000
17	  V	  1.2	  0.0	0.000	0.000	0.000
