res	aa	Beta	Turn	Helix	Aggregation	Conc-Stab_Aggregation
01	  G	  0.1	  0.0	0.000	0.000	0.000
02	  C	  9.3	  0.0	0.000	0.000	0.000
03	  C	 11.1	  0.0	0.000	0.000	0.000
04	  S	 11.1	  0.0	0.000	0.000	0.000
05	  H	  2.2	  0.3	0.000	0.000	0.000
06	  P	  0.1	  0.3	0.000	0.000	0.000
07	  A	  0.1	  0.3	0.000	0.000	0.000
08	  C	  2.3	  0.3	0.000	0.000	0.000
09	  N	  3.7	  0.5	0.000	0.000	0.000
10	  V	  4.6	  0.5	0.000	0.000	0.000
11	  N	  2.5	  0.5	0.000	0.000	0.000
12	  N	  0.9	  0.7	0.000	0.000	0.000
13	  P	  0.0	  0.2	0.000	0.000	0.000
14	  H	  3.0	  0.2	0.000	0.000	0.000
15	  I	  3.8	  0.2	0.000	0.000	0.000
16	  C	  3.8	  0.0	0.000	0.000	0.000
17	  G	  0.9	  0.0	0.000	0.000	0.000
