res	aa	Beta	Turn	Helix	Aggregation	Conc-Stab_Aggregation
01	  M	  0.3	  0.0	0.000	0.004	0.004
02	  T	  1.0	  0.0	0.122	22.091	22.091
03	  T	  1.5	  0.0	0.781	36.801	36.801
04	  L	  2.4	  0.0	0.781	90.020	90.020
05	  I	 10.0	  0.0	0.886	99.144	99.144
06	  V	 15.9	  0.0	1.062	99.930	99.930
07	  V	 16.4	  0.0	1.152	99.994	99.994
08	  I	  9.3	  0.0	1.254	100.000	100.000
09	  F	  3.8	  0.0	1.342	100.000	100.000
10	  I	  4.1	  0.0	1.212	100.000	100.000
11	  A	  4.0	  0.0	1.212	99.999	99.999
12	  I	  4.8	  0.0	1.212	99.999	99.999
13	  I	  3.7	  0.0	1.212	99.994	99.994
14	  Y	  3.9	  0.0	1.212	99.941	99.941
15	  Y	  2.5	  0.0	0.230	99.734	99.734
16	  L	  1.8	  0.1	0.107	98.946	98.946
17	  W	  1.6	  0.1	0.107	94.374	94.374
18	  N	  1.1	  0.1	0.107	3.325	3.325
19	  S	  0.8	  0.1	0.000	0.791	0.791
20	  D	  0.1	  0.0	0.000	0.000	0.000
