res	aa	Beta	Turn	Helix	Aggregation	Conc-Stab_Aggregation
01	  M	  1.5	  0.0	0.000	0.000	0.000
02	  V	  2.1	  0.0	0.000	0.000	0.000
03	  K	  2.1	  0.1	0.000	0.000	0.000
04	  P	  0.6	  0.2	0.136	0.000	0.000
05	  R	  0.4	  0.2	0.136	0.000	0.000
06	  Q	  0.7	  0.3	0.136	0.000	0.000
07	  R	  0.9	  0.1	0.136	0.000	0.000
08	  E	  0.5	  0.1	0.136	0.000	0.000
09	  Y	  0.3	  0.6	0.136	0.000	0.000
10	  P	  0.1	  0.6	0.000	0.000	0.000
11	  T	  1.7	  0.6	0.000	1.240	1.240
12	  L	  5.1	  0.6	0.000	1.240	1.240
13	  N	  7.0	  0.0	0.000	1.240	1.240
14	  I	  9.9	  0.0	0.000	1.240	1.240
15	  V	  7.5	  0.0	0.000	1.240	1.240
16	  R	  5.5	  0.0	0.000	0.000	0.000
17	  E	  1.0	  0.0	0.000	0.000	0.000
