res	aa	Beta	Turn	Helix	Aggregation	Conc-Stab_Aggregation
01	  M	  1.9	  0.0	0.000	0.004	0.004
02	  S	  2.5	  0.0	0.000	20.490	20.490
03	  I	  4.5	  0.0	0.000	85.111	85.111
04	  I	  3.7	  0.1	0.000	86.383	86.383
05	  S	  3.2	  0.2	0.000	86.493	86.493
06	  G	  1.3	  0.2	0.478	87.358	87.358
07	  I	  1.6	  0.1	0.478	96.911	96.911
08	  I	  5.6	  0.0	0.478	97.719	97.719
09	  E	  5.8	  0.0	0.619	97.581	97.581
10	  I	  7.0	  0.0	0.619	99.001	99.001
11	  V	  5.7	  0.0	0.619	99.124	99.124
12	  K	  5.8	  0.0	0.619	99.150	99.150
13	  F	  4.5	  0.0	0.443	99.122	99.122
14	  I	  2.4	  0.0	0.236	98.762	98.762
15	  I	  4.7	  0.0	0.236	91.071	91.071
16	  D	  3.5	  0.0	0.236	1.572	1.572
17	  L	  2.8	  0.0	0.236	1.526	1.526
18	  A	  0.3	  0.0	0.236	1.258	1.258
19	  T	  0.3	  0.0	0.000	0.754	0.754
20	  K	  0.2	  0.0	0.000	0.000	0.000
