res	aa	Beta	Turn	Helix	Aggregation	Conc-Stab_Aggregation
01	  M	  0.4	  0.0	0.000	0.000	0.000
02	  G	  0.5	  0.0	0.000	15.111	15.111
03	  I	  2.5	  0.1	0.000	81.405	81.405
04	  I	  3.3	  0.1	0.000	82.757	82.757
05	  S	  3.2	  0.2	0.000	82.873	82.873
06	  G	  1.3	  0.2	0.584	83.791	83.791
07	  I	  1.7	  0.1	0.584	93.933	93.933
08	  I	  4.2	  0.1	0.692	94.774	94.774
09	  E	  4.1	  0.0	0.958	94.451	94.451
10	  L	  3.2	  0.0	0.958	97.709	97.709
11	  V	  3.5	  0.0	0.958	98.276	98.276
12	  K	  3.9	  0.0	0.958	98.286	98.286
13	  F	  4.6	  0.0	0.601	98.272	98.272
14	  I	  2.5	  0.0	0.265	97.901	97.901
15	  I	  4.7	  0.0	0.265	90.529	90.529
16	  D	  3.6	  0.0	0.265	4.750	4.750
17	  L	  3.3	  0.0	0.265	4.698	4.698
18	  T	  2.6	  0.0	0.137	3.079	3.079
19	  K	  2.4	  0.0	0.137	0.914	0.914
20	  K	  1.9	  0.0	0.000	0.000	0.000
