res	aa	Beta	Turn	Helix	Aggregation	Conc-Stab_Aggregation
01	  I	  0.2	  0.0	0.000	0.000	0.000
02	  E	  0.4	  0.1	0.000	0.000	0.000
03	  E	  0.5	  0.1	0.000	0.000	0.000
04	  H	  0.4	  0.6	0.000	0.000	0.000
05	  S	  0.3	  0.7	0.000	0.000	0.000
06	  T	  0.2	  0.7	0.000	0.000	0.000
07	  G	  0.3	  0.7	0.471	0.000	0.000
08	  I	  7.9	  0.2	0.471	0.000	0.000
09	  N	  8.0	  0.1	1.753	0.000	0.000
10	  I	  8.4	  0.0	1.753	0.000	0.000
11	  L	  0.9	  0.0	1.753	0.000	0.000
12	  K	  0.9	  0.0	1.753	0.000	0.000
13	  K	  2.8	  0.0	1.611	0.000	0.000
14	  I	  3.1	  0.0	1.397	0.000	0.000
15	  K	  3.0	  0.0	1.397	0.000	0.000
16	  N	  0.4	  0.4	0.872	0.000	0.000
17	  P	  0.0	  0.4	0.000	0.000	0.000
18	  Y	  1.4	  0.4	0.000	0.000	0.000
19	  H	  1.4	  0.4	0.000	0.000	0.000
20	  L	  1.4	  0.0	0.000	0.000	0.000
