res	aa	Beta	Turn	Helix	Aggregation	Conc-Stab_Aggregation
01	  W	  0.6	  0.0	0.000	0.000	0.000
02	  I	  0.8	  0.0	0.000	0.000	0.000
03	  E	  0.8	  0.2	0.000	0.000	0.000
04	  E	  0.3	  0.2	0.000	0.000	0.000
05	  N	  0.3	  0.8	0.000	0.000	0.000
06	  T	  0.3	  0.8	0.154	0.000	0.000
07	  D	  0.2	  1.0	2.243	0.000	0.000
08	  E	  0.1	  1.1	2.356	0.000	0.000
09	  Q	  0.1	  0.5	2.356	0.000	0.000
10	  D	  0.1	  0.5	3.311	0.000	0.000
11	  R	  0.6	  0.2	3.311	0.000	0.000
12	  L	  1.0	  0.1	3.311	46.497	46.497
13	  I	  5.0	  0.0	2.982	47.753	47.753
14	  N	  4.7	  0.0	2.982	47.753	47.753
15	  L	  6.2	  0.0	2.632	47.753	47.753
16	  V	  3.5	  0.0	2.237	47.753	47.753
17	  M	  3.9	  0.0	2.237	41.870	41.870
18	  K	  2.0	  0.0	0.480	0.000	0.000
19	  W	  0.8	  0.0	0.000	0.000	0.000
