res	aa	Beta	Turn	Helix	Aggregation	Conc-Stab_Aggregation
01	  W	  0.3	  0.1	0.000	0.000	0.000
02	  E	  0.4	  0.1	0.000	0.000	0.000
03	  E	  2.6	  0.1	0.000	0.000	0.000
04	  Y	  6.8	  0.1	0.000	0.195	0.195
05	  N	  9.3	  0.0	0.948	0.195	0.195
06	  I	 10.0	  0.0	0.948	1.941	1.941
07	  I	  6.3	  0.0	0.948	1.941	1.941
08	  A	  3.9	  0.1	0.948	1.941	1.941
09	  Q	  1.1	  0.1	0.948	1.747	1.747
10	  L	  0.3	  0.7	0.948	1.747	1.747
11	  G	  0.1	  0.8	0.783	0.000	0.000
12	  N	  0.0	  2.2	0.521	0.000	0.000
13	  K	  0.0	  2.2	0.125	0.000	0.000
14	  G	  0.0	  1.6	0.000	0.000	0.000
15	  Q	  0.0	  1.5	0.000	0.000	0.000
