res	aa	Beta	Turn	Helix	Aggregation	Conc-Stab_Aggregation
01	  D	  1.4	  0.0	0.000	0.000	0.000
02	  I	  5.2	  0.0	0.000	0.000	0.000
03	  T	  6.5	  0.0	0.117	0.000	0.000
04	  R	  5.4	  0.1	0.117	0.000	0.000
05	  Q	  2.0	  0.1	0.117	0.000	0.000
06	  T	  5.7	  0.1	0.117	0.482	0.482
07	  V	  9.4	  0.0	0.117	0.915	0.915
08	  Y	 12.2	  0.0	0.117	0.915	0.915
09	  S	 10.4	  0.3	0.000	0.915	0.915
10	  I	  6.7	  0.3	0.000	0.915	0.915
11	  N	  3.7	  2.7	0.000	0.433	0.433
12	  K	  0.4	  2.7	0.000	0.000	0.000
13	  D	  0.1	  2.4	0.000	0.000	0.000
14	  R	  0.0	  2.4	0.000	0.000	0.000
15	  V	  0.0	  0.0	0.000	0.000	0.000
