res	aa	Beta	Turn	Helix	Aggregation	Conc-Stab_Aggregation
01	  M	  2.6	  0.0	0.000	0.000	0.000
02	  K	  3.3	  0.0	0.000	0.000	0.000
03	  C	  3.4	  0.1	0.000	0.000	0.000
04	  N	  0.8	  0.2	0.205	0.000	0.000
05	  E	  0.9	  0.2	0.205	0.000	0.000
06	  C	  1.0	  0.2	0.205	0.000	0.000
07	  N	  1.0	  0.2	0.340	0.000	0.000
08	  R	  1.6	  0.1	0.340	0.000	0.000
09	  V	  5.8	  0.0	0.340	0.000	0.000
10	  Q	  6.7	  0.0	0.340	0.000	0.000
11	  L	  5.4	  0.1	0.136	0.000	0.000
12	  K	  1.0	  0.6	0.136	0.000	0.000
13	  E	  0.1	  0.7	0.000	0.000	0.000
14	  G	  0.0	  0.7	0.000	0.000	0.000
15	  S	 10.3	  0.7	0.000	0.000	0.000
16	  V	 14.4	  0.3	0.000	0.000	0.000
17	  S	 15.8	  0.2	0.000	0.000	0.000
18	  L	  8.0	  0.2	0.000	0.000	0.000
19	  T	  3.5	  0.0	0.000	0.000	0.000
20	  L	  2.0	  0.0	0.000	0.000	0.000
