res	aa	Beta	Turn	Helix	Aggregation	Conc-Stab_Aggregation
01	  M	  0.0	  0.0	0.000	0.000	0.000
02	  N	  0.1	  0.0	0.000	0.000	0.000
03	  E	  1.4	  0.0	0.000	0.000	0.000
04	  F	  2.7	  0.4	0.000	0.000	0.000
05	  Q	  2.8	  0.4	0.000	0.000	0.000
06	  D	  2.8	  0.4	0.000	0.000	0.000
07	  I	  2.4	  0.4	0.000	0.000	0.000
08	  I	  3.6	  0.0	0.000	0.000	0.000
09	  H	  3.3	  0.0	0.000	0.000	0.000
10	  R	  7.6	  0.1	0.000	0.000	0.000
11	  V	  6.6	  0.3	0.000	0.000	0.000
12	  D	  5.6	  0.3	0.000	0.000	0.000
13	  D	  1.0	  0.3	0.000	0.000	0.000
14	  W	  0.7	  0.2	0.000	0.000	0.000
15	  I	  0.6	  0.0	0.000	0.000	0.000
