res	aa	Beta	Turn	Helix	Aggregation	Conc-Stab_Aggregation
01	  M	  0.3	  0.0	0.000	0.000	0.000
02	  C	  1.7	  0.1	0.000	8.775	8.775
03	  T	  2.0	  0.1	0.000	19.108	19.108
04	  S	  2.0	  0.1	0.000	22.814	22.814
05	  I	  4.0	  0.1	0.000	22.814	22.814
06	  A	  4.4	  0.0	0.000	22.814	22.814
07	  V	  7.8	  0.0	0.000	22.814	22.814
08	  V	  5.2	  0.0	0.000	21.358	21.358
09	  D	  4.4	  0.4	0.000	0.000	0.000
10	  H	  0.8	  0.7	0.000	0.000	0.000
11	  S	  0.4	  0.6	0.000	0.000	0.000
12	  S	  2.6	  0.6	0.000	0.000	0.000
13	  F	  3.9	  0.3	0.000	0.000	0.000
14	  H	  3.7	  0.0	0.000	0.000	0.000
15	  S	  1.4	  0.0	0.000	0.000	0.000
