res	aa	Beta	Turn	Helix	Aggregation	Conc-Stab_Aggregation
01	  M	  0.1	  0.0	0.000	0.000	0.000
02	  A	  0.2	  0.1	0.000	2.431	2.431
03	  A	  1.0	  0.1	0.000	3.403	3.403
04	  T	  4.5	  0.1	0.000	3.403	3.403
05	  F	  5.1	  0.1	0.000	3.403	3.403
06	  A	  4.6	  0.0	0.000	3.403	3.403
07	  L	  1.1	  0.7	0.000	3.046	3.046
08	  H	  0.5	  0.7	0.000	0.000	0.000
09	  G	  0.2	  0.7	0.000	0.000	0.000
10	  W	  0.9	  0.7	0.000	0.000	0.000
11	  W	  1.1	  0.1	0.000	0.000	0.000
12	  R	  1.3	  0.1	0.000	0.000	0.000
13	  T	  0.5	  0.1	0.000	0.000	0.000
14	  S	  0.2	  0.1	0.000	0.000	0.000
