res	aa	Beta	Turn	Helix	Aggregation	Conc-Stab_Aggregation
01	  M	  3.6	  0.0	0.000	0.000	0.000
02	  V	  4.1	  0.0	0.000	0.000	0.000
03	  V	  4.1	  0.0	0.000	0.000	0.000
04	  P	  0.6	  0.0	0.000	0.000	0.000
05	  A	  0.2	  0.0	0.000	0.000	0.000
06	  H	  0.4	  0.2	0.000	0.000	0.000
07	  Q	  0.5	  0.3	0.000	0.000	0.000
08	  S	  0.5	  0.3	0.000	0.000	0.000
09	  S	  0.3	  0.3	0.000	0.000	0.000
10	  M	  0.4	  0.2	0.000	0.000	0.000
11	  A	  0.5	  0.1	0.000	0.000	0.000
12	  S	  0.4	  0.1	0.000	0.000	0.000
13	  T	  0.3	  1.1	0.000	0.000	0.000
14	  P	  0.1	  1.0	0.000	0.000	0.000
15	  N	  0.0	  1.0	0.000	0.000	0.000
16	  R	  0.3	  1.0	0.000	0.000	0.000
17	  A	  1.0	  0.0	0.000	0.000	0.000
18	  I	  1.8	  0.0	0.000	0.000	0.000
19	  T	  1.5	  0.0	0.000	0.000	0.000
20	  P	  0.8	  0.0	0.000	0.000	0.000
