res	aa	Beta	Turn	Helix	Aggregation	Conc-Stab_Aggregation
01	  A	  0.2	  0.0	0.000	0.000	0.000
02	  Y	  5.5	  0.0	0.000	0.000	0.000
03	  N	  7.3	  0.0	0.000	0.000	0.000
04	  V	  8.8	  0.0	0.000	0.000	0.000
05	  T	  4.9	  0.0	0.000	0.000	0.000
06	  T	  3.5	  0.0	0.000	0.000	0.000
07	  H	  2.0	  2.5	0.000	0.000	0.000
08	  A	  0.7	  2.7	0.000	0.000	0.000
09	  D	  0.1	  2.7	0.000	0.000	0.000
10	  G	  0.1	  2.7	0.328	0.000	0.000
11	  T	  1.3	  0.4	0.328	0.000	0.000
12	  A	  2.1	  0.2	0.328	0.000	0.000
13	  T	  3.0	  0.1	0.328	0.000	0.000
14	  Y	  1.8	  0.3	0.328	0.000	0.000
15	  G	  1.0	  0.4	0.328	0.000	0.000
16	  P	  0.0	  0.4	0.000	0.000	0.000
17	  R	  2.3	  0.4	0.000	0.000	0.000
18	  V	  4.1	  0.2	0.000	0.000	0.000
19	  T	  4.1	  0.0	0.000	0.000	0.000
20	  K	  1.8	  0.0	0.000	0.000	0.000
