res	aa	Beta	Turn	Helix	Aggregation	Conc-Stab_Aggregation
01	  M	  0.0	  0.0	0.000	0.000	0.000
02	  P	  0.0	  0.0	0.000	0.000	0.000
03	  M	  0.1	  0.1	0.000	0.000	0.000
04	  E	  0.4	  0.1	0.481	0.000	0.000
05	  Q	  0.5	  0.1	0.481	0.000	0.000
06	  K	  0.5	  0.2	0.481	0.000	0.000
07	  K	  0.7	  0.1	0.481	0.000	0.000
08	  L	  0.5	  0.1	0.481	0.000	0.000
09	  S	  0.5	  0.1	0.481	0.000	0.000
10	  E	  0.5	  0.0	0.336	0.000	0.000
11	  M	  0.5	  0.0	0.172	0.000	0.000
12	  S	  0.5	  0.0	0.334	0.000	0.000
13	  E	  0.1	  0.1	0.334	0.000	0.000
14	  P	  0.0	  0.2	0.334	0.000	0.000
15	  E	  0.2	  0.2	0.334	0.000	0.000
16	  L	  1.0	  0.2	0.334	0.000	0.000
17	  R	  1.4	  0.1	0.334	0.000	0.000
18	  H	  1.8	  0.0	0.334	0.000	0.000
19	  E	  1.1	  0.0	0.000	0.000	0.000
20	  I	  0.7	  0.0	0.000	0.000	0.000
