res	aa	Beta	Turn	Helix	Aggregation	Conc-Stab_Aggregation
01	  I	  0.5	  0.1	0.000	0.000	0.000
02	  E	  0.6	  0.1	0.000	0.000	0.000
03	  S	  0.6	  0.2	0.000	0.000	0.000
04	  E	  0.2	  0.2	0.000	0.000	0.000
05	  K	  0.8	  0.1	0.000	0.000	0.000
06	  F	  2.1	  0.1	0.000	0.000	0.000
07	  H	  2.5	  0.2	0.000	0.000	0.000
08	  L	  3.8	  0.2	0.000	0.000	0.000
09	  D	  4.5	  0.2	0.000	0.000	0.000
10	  V	 10.8	  0.2	0.000	0.000	0.000
11	  E	 10.1	  0.0	0.000	0.000	0.000
12	  I	 11.7	  0.0	0.000	0.000	0.000
13	  S	  5.8	  0.0	0.000	0.000	0.000
14	  Y	  5.7	  0.1	0.000	0.000	0.000
15	  V	  3.0	  0.1	0.000	0.000	0.000
16	  D	  2.2	  0.1	0.000	0.000	0.000
17	  S	  1.0	  0.1	0.000	0.000	0.000
18	  N	  0.1	  0.0	0.000	0.000	0.000
