res	aa	Beta	Turn	Helix	Aggregation	Conc-Stab_Aggregation
01	  M	  0.3	  0.1	0.000	0.000	0.000
02	  W	  2.0	  0.1	0.244	0.000	0.000
03	  N	  3.7	  0.1	1.502	0.000	0.000
04	  W	  4.6	  0.2	1.502	0.000	0.000
05	  E	  3.8	  0.1	1.502	0.000	0.000
06	  R	  2.5	  0.3	1.502	0.000	0.000
07	  K	  1.4	  0.3	1.502	0.000	0.000
08	  N	  2.3	  0.3	1.368	0.000	0.000
09	  Y	  2.8	  0.2	0.745	0.000	0.000
10	  F	  3.9	  0.0	0.181	0.000	0.000
11	  I	  2.9	  0.0	0.000	0.000	0.000
12	  K	  1.9	  0.0	0.000	0.000	0.000
13	  E	  0.7	  0.0	0.000	0.000	0.000
