res	aa	Beta	Turn	Helix	Aggregation	Conc-Stab_Aggregation
01	  M	  0.0	  0.3	0.000	0.000	0.000
02	  G	  0.1	  0.3	0.000	4.381	4.381
03	  T	 30.2	  0.3	0.000	23.783	23.783
04	  F	 32.4	  0.3	0.000	90.917	90.917
05	  S	 32.6	  0.0	0.083	95.685	95.685
06	  I	  4.7	  0.0	0.083	97.221	97.221
07	  F	  2.7	  0.0	0.083	97.226	97.226
08	  V	  7.9	  0.0	0.083	97.077	97.077
09	  I	  7.1	  0.1	0.083	90.115	90.115
10	  N	  5.6	  0.5	0.083	5.134	5.134
11	  N	  0.2	  0.5	0.211	0.209	0.209
12	  N	  0.4	  0.5	0.352	0.004	0.004
13	  Q	  2.0	  0.5	0.352	0.000	0.000
14	  I	  7.1	  0.0	0.352	0.000	0.000
15	  K	  8.0	  0.0	0.352	0.000	0.000
16	  I	 10.0	  0.0	0.352	0.000	0.000
17	  N	  5.1	  0.0	0.352	0.000	0.000
18	  W	  3.6	  0.0	0.000	0.000	0.000
19	  L	  0.0	  0.0	0.000	0.000	0.000
