res	aa	Beta	Turn	Helix	Aggregation	Conc-Stab_Aggregation
01	  M	  0.0	  0.3	0.000	0.000	0.000
02	  G	  0.1	  0.3	0.000	4.297	4.297
03	  T	 30.2	  0.3	0.000	23.329	23.329
04	  F	 32.4	  0.3	0.000	88.725	88.725
05	  S	 32.6	  0.0	0.079	92.927	92.927
06	  I	  4.7	  0.0	0.079	94.230	94.230
07	  F	  2.6	  0.0	0.079	94.230	94.230
08	  V	  7.7	  0.0	0.079	93.918	93.918
09	  I	  7.1	  0.0	0.079	79.352	79.352
10	  N	  5.8	  0.0	0.282	4.347	4.347
11	  K	  2.0	  0.0	0.282	0.000	0.000
12	  V	  3.7	  0.0	0.203	0.000	0.000
13	  R	  6.1	  0.0	0.203	0.000	0.000
14	  Y	  5.0	  0.0	0.203	0.000	0.000
15	  Q	  3.0	  0.5	0.203	0.000	0.000
16	  P	  0.4	  0.6	0.000	0.000	0.000
17	  N	  0.1	  0.6	0.000	0.000	0.000
18	  Q	  0.1	  0.6	0.000	0.000	0.000
19	  N	  0.1	  0.0	0.000	0.000	0.000
