res	aa	Beta	Turn	Helix	Aggregation	Conc-Stab_Aggregation
01	  V	  2.3	  0.0	0.000	0.000	0.000
02	  Y	  4.1	  0.0	0.000	0.000	0.000
03	  R	  4.4	  0.0	0.000	0.000	0.000
04	  A	  2.3	  0.0	0.000	0.000	0.000
05	  F	  2.4	  0.0	0.000	0.000	0.000
06	  K	  2.7	  0.0	0.000	0.000	0.000
07	  I	  5.0	  0.0	0.000	0.000	0.000
08	  M	  3.4	  0.2	0.000	0.000	0.000
09	  R	  2.9	  0.2	0.000	0.000	0.000
10	  G	  0.3	  0.2	0.000	0.000	0.000
11	  E	  0.2	  0.2	0.000	0.000	0.000
12	  A	  0.6	  0.1	0.000	0.000	0.000
13	  Y	  1.9	  0.0	0.000	0.000	0.000
14	  H	  1.8	  0.0	0.000	0.000	0.000
15	  K	  1.3	  0.0	0.000	0.000	0.000
