res	aa	Beta	Turn	Helix	Aggregation	Conc-Stab_Aggregation
01	  M	  0.3	  0.0	0.000	0.000	0.000
02	  C	  1.7	  0.1	0.000	4.834	4.834
03	  T	  2.0	  0.1	0.000	10.950	10.950
04	  S	  2.0	  0.1	0.000	29.349	29.349
05	  I	  4.0	  0.1	0.000	29.349	29.349
06	  A	  4.3	  0.0	0.000	29.349	29.349
07	  V	  7.6	  0.0	0.000	29.349	29.349
08	  V	  4.6	  0.0	0.000	28.011	28.011
09	  D	  3.8	  3.2	0.000	0.000	0.000
10	  K	  0.3	  3.2	0.000	0.000	0.000
11	  N	  0.2	  3.2	0.000	0.000	0.000
12	  A	  0.7	  3.1	0.000	0.000	0.000
13	  F	  2.0	  0.0	0.000	0.000	0.000
14	  H	  2.4	  0.0	0.000	0.000	0.000
15	  L	  1.9	  0.0	0.000	0.000	0.000
16	  T	  0.5	  0.0	0.000	0.000	0.000
