res	aa	Beta	Turn	Helix	Aggregation	Conc-Stab_Aggregation
01	  M	  1.6	  0.0	0.000	0.000	0.000
02	  K	  2.0	  0.0	0.000	0.000	0.000
03	  L	  2.0	  0.2	0.000	0.000	0.000
04	  A	  0.5	  0.2	0.000	0.000	0.000
05	  R	  1.4	  0.2	0.000	0.000	0.000
06	  F	  2.8	  0.2	0.000	92.508	92.508
07	  F	  4.1	  0.0	0.000	99.631	99.631
08	  F	  3.6	  0.0	0.000	99.976	99.976
09	  A	  2.5	  0.0	0.000	99.982	99.982
10	  F	  2.0	  0.0	0.000	99.983	99.983
11	  F	  2.3	  0.0	0.000	99.869	99.869
12	  F	 21.0	  0.0	0.000	98.276	98.276
13	  T	 20.6	  0.0	0.000	77.191	77.191
14	  F	 19.7	  0.0	0.000	13.086	13.086
15	  P	  0.7	  0.0	0.000	0.000	0.000
