res	aa	Beta	Turn	Helix	Aggregation	Conc-Stab_Aggregation
01	  M	  0.3	  0.0	0.000	0.000	0.000
02	  L	  0.4	  0.2	0.000	0.000	0.000
03	  K	  0.5	  0.2	0.000	0.000	0.000
04	  N	  0.4	  0.2	0.566	0.000	0.000
05	  Q	  0.5	  0.2	0.566	0.000	0.000
06	  Q	  0.9	  0.1	0.566	0.398	0.398
07	  V	  1.9	  0.0	0.566	0.398	0.398
08	  L	  1.9	  0.0	0.566	0.398	0.398
09	  A	  1.5	  0.0	0.566	0.398	0.398
10	  L	  0.5	  0.1	0.566	0.398	0.398
11	  E	  0.2	  0.3	0.432	0.000	0.000
12	  S	  0.2	  0.3	0.304	0.000	0.000
13	  N	  0.1	  0.5	0.117	0.000	0.000
14	  K	  0.1	  0.8	0.000	0.000	0.000
15	  K	  0.1	  0.7	0.000	0.000	0.000
16	  D	  0.2	  0.7	0.000	0.000	0.000
17	  S	  0.5	  0.6	0.000	0.000	0.000
18	  K	  1.3	  0.1	0.000	0.000	0.000
19	  I	  1.2	  0.1	0.000	0.000	0.000
20	  N	  0.9	  0.0	0.000	0.000	0.000
