res	aa	Beta	Turn	Helix	Aggregation	Conc-Stab_Aggregation
01	  M	  0.2	  0.6	0.000	0.000	0.000
02	  Q	  0.2	  0.8	0.000	0.000	0.000
03	  D	  0.2	  0.9	0.000	0.000	0.000
04	  G	  0.0	  0.9	0.000	0.000	0.000
05	  D	  1.0	  0.3	0.000	0.000	0.000
06	  V	  5.4	  0.1	0.000	0.000	0.000
07	  V	  9.2	  0.0	0.000	0.000	0.000
08	  H	 10.8	  0.0	0.000	0.000	0.000
09	  F	  8.9	  0.0	0.000	0.000	0.000
10	  R	  9.0	  0.0	0.000	0.000	0.000
11	  F	  9.0	  0.0	0.000	0.000	0.000
12	  N	  6.7	  0.0	0.000	0.000	0.000
13	  V	  2.7	  0.0	0.000	0.000	0.000
