res	aa	Beta	Turn	Helix	Aggregation	Conc-Stab_Aggregation
01	  M	  1.8	  0.0	0.000	0.000	0.000
02	  N	  2.2	  0.0	0.000	0.000	0.000
03	  L	  2.7	  0.0	0.000	0.000	0.000
04	  I	  2.8	  0.0	0.000	0.000	0.000
05	  A	  2.4	  0.0	0.000	0.000	0.000
06	  Q	  1.9	  0.0	0.000	0.000	0.000
07	  P	  0.0	  0.0	0.000	0.035	0.035
08	  F	  1.2	  0.0	0.000	2.768	2.768
09	  Y	  3.6	  0.0	0.000	2.977	2.977
10	  K	  4.5	  0.0	0.000	2.977	2.977
11	  V	  6.5	  0.0	0.000	29.903	29.903
12	  L	  4.2	  0.0	0.000	32.125	32.125
13	  N	  4.4	  0.0	0.259	32.187	32.187
14	  Q	  2.3	  0.0	0.259	33.890	33.890
15	  F	  2.9	  0.0	0.259	70.992	70.992
16	  M	  2.9	  0.0	0.259	70.992	70.992
17	  L	  2.4	  0.0	0.259	70.992	70.992
18	  L	  2.9	  0.0	0.259	70.907	70.907
19	  Y	  1.8	  0.0	0.259	67.985	67.985
20	  I	  1.3	  0.0	0.000	2.977	2.977
