res	aa	Beta	Turn	Helix	Aggregation	Conc-Stab_Aggregation
01	  M	  0.3	  0.0	0.000	0.000	0.000
02	  C	  1.7	  0.1	0.000	8.666	8.666
03	  T	  2.0	  0.1	0.000	18.894	18.894
04	  S	  2.0	  0.1	0.000	22.639	22.639
05	  I	  3.7	  0.1	0.000	22.639	22.639
06	  A	  3.9	  0.0	0.000	22.639	22.639
07	  V	  6.8	  0.0	0.000	22.639	22.639
08	  V	 10.1	  0.0	0.000	21.201	21.201
09	  E	 12.3	  0.0	0.000	0.000	0.000
10	  I	 18.4	  0.0	0.000	0.000	0.000
11	  T	 16.8	  0.0	0.000	0.000	0.000
12	  L	 14.1	  0.0	0.000	0.000	0.000
13	  S	  8.5	  0.0	0.000	0.000	0.000
14	  H	  3.5	  0.0	0.000	0.000	0.000
15	  S	  2.9	  0.0	0.000	0.000	0.000
