res	aa	Beta	Turn	Helix	Aggregation	Conc-Stab_Aggregation
01	  M	  0.0	  0.6	0.000	0.000	0.000
02	  G	  0.0	  0.6	0.000	0.022	0.022
03	  N	  0.6	  0.8	0.000	0.147	0.147
04	  C	  1.9	  0.8	0.000	8.045	8.045
05	  S	  2.1	  0.2	0.000	29.066	29.066
06	  L	  2.2	  0.2	0.000	74.498	74.498
07	  F	  2.8	  0.1	0.000	81.657	81.657
08	  V	  7.7	  0.0	0.000	82.151	82.151
09	  I	  8.8	  0.0	0.000	81.701	81.701
10	  N	  7.6	  0.0	0.000	61.077	61.077
11	  T	  7.6	  0.0	0.000	55.313	55.313
12	  V	  9.7	  0.0	0.000	51.281	51.281
13	  H	 15.0	  0.0	0.000	1.644	1.644
14	  Y	 10.4	  0.0	0.000	1.481	1.481
15	  Q	  6.7	  0.5	0.000	0.000	0.000
16	  P	  0.4	  0.5	0.000	0.000	0.000
17	  N	  0.0	  0.5	0.000	0.000	0.000
18	  E	  0.0	  0.5	0.000	0.000	0.000
19	  K	  0.0	  0.0	0.000	0.000	0.000
