res	aa	Beta	Turn	Helix	Aggregation	Conc-Stab_Aggregation
01	  D	  0.0	  0.0	0.000	0.000	0.000
02	  T	  3.1	  0.0	0.000	0.000	0.000
03	  L	  3.5	  0.1	0.000	0.000	0.000
04	  K	  3.7	  0.2	0.000	0.000	0.000
05	  S	  0.6	  0.3	0.000	0.000	0.000
06	  E	  0.5	  0.4	0.000	0.000	0.000
07	  K	  0.3	  0.3	0.000	0.000	0.000
08	  N	  0.3	  2.2	0.000	0.000	0.000
09	  A	  0.1	  2.0	0.000	0.000	0.000
10	  D	  0.5	  1.9	0.000	0.000	0.000
11	  F	  0.9	  2.6	0.000	0.000	0.000
12	  K	  0.9	  0.7	0.000	0.000	0.000
13	  D	  0.9	  0.7	0.000	0.000	0.000
14	  L	  0.5	  0.7	0.000	0.000	0.000
15	  Y	  0.4	  0.0	0.000	0.000	0.000
