res	aa	Beta	Turn	Helix	Aggregation	Conc-Stab_Aggregation
01	  M	  0.1	  0.0	0.000	0.000	0.000
02	  S	  0.1	  0.0	0.115	0.000	0.000
03	  P	  0.1	  0.0	0.115	0.000	0.000
04	  V	  1.8	  0.0	0.115	0.000	0.000
05	  T	  4.6	  0.0	0.115	0.000	0.000
06	  T	  5.1	  0.1	0.115	0.000	0.000
07	  S	  3.6	  0.1	0.115	0.000	0.000
08	  R	  1.9	  0.1	0.000	0.000	0.000
09	  Y	  1.7	  0.2	0.000	0.000	0.000
10	  Q	  1.6	  0.4	0.000	0.000	0.000
11	  G	  0.4	  0.6	0.000	0.000	0.000
12	  G	  0.0	  0.8	0.000	0.000	0.000
13	  A	  0.2	  0.6	0.000	0.000	0.000
14	  H	  0.4	  0.4	0.000	0.000	0.000
15	  R	  0.4	  0.2	0.000	0.000	0.000
16	  G	  0.2	  0.0	0.000	0.000	0.000
