res	aa	Beta	Turn	Helix	Aggregation	Conc-Stab_Aggregation
01	  M	  0.2	  0.0	0.000	0.000	0.000
02	  R	  0.5	  0.1	0.000	0.000	0.000
03	  R	  0.8	  0.2	0.000	0.000	0.000
04	  S	  0.7	  0.2	0.000	0.000	0.000
05	  Q	  0.6	  0.2	0.000	0.000	0.000
06	  A	  0.7	  0.1	0.000	0.000	0.000
07	  S	  0.8	  0.2	0.000	0.000	0.000
08	  I	  0.7	  0.7	0.000	0.000	0.000
09	  G	  0.3	  0.9	0.000	0.000	0.000
10	  T	  0.1	  1.0	0.000	0.000	0.000
11	  G	  0.1	  0.8	0.000	0.000	0.000
12	  H	  3.3	  0.2	0.000	0.000	0.000
13	  I	  3.5	  0.1	0.000	0.000	0.000
14	  Y	  4.2	  0.0	0.000	0.000	0.000
15	  D	  1.0	  0.0	0.000	0.000	0.000
16	  D	  0.7	  0.0	0.000	0.000	0.000
