res	aa	Beta	Turn	Helix	Aggregation	Conc-Stab_Aggregation
01	  M	  0.8	  0.0	0.000	0.000	0.000
02	  Y	  1.8	  0.0	0.000	0.000	0.000
03	  I	  2.4	  0.0	0.000	0.000	0.000
04	  L	  1.7	  0.0	0.124	0.000	0.000
05	  E	  0.9	  0.1	0.235	0.000	0.000
06	  R	  1.0	  0.1	0.235	0.000	0.000
07	  T	  7.9	  0.1	0.235	0.000	0.000
08	  I	  9.7	  0.2	0.235	0.000	0.000
09	  R	  9.1	  0.2	0.235	0.000	0.000
10	  G	  2.5	  0.2	0.235	0.000	0.000
11	  F	  0.6	  0.8	0.235	0.000	0.000
12	  A	  0.5	  0.7	0.000	0.000	0.000
13	  G	  0.4	  0.8	0.000	0.000	0.000
14	  Q	  0.1	  0.8	0.000	0.000	0.000
15	  T	  0.2	  0.5	0.000	0.000	0.000
16	  E	  0.2	  0.4	0.000	0.000	0.000
17	  D	  0.2	  0.3	0.000	0.000	0.000
18	  I	  0.5	  0.3	0.000	0.000	0.000
19	  L	  0.5	  0.0	0.000	0.000	0.000
20	  P	  0.3	  0.0	0.000	0.000	0.000
