res	aa	Beta	Turn	Helix	Aggregation	Conc-Stab_Aggregation
01	  M	  0.6	  0.0	0.000	0.000	0.000
02	  I	  0.7	  0.0	0.000	0.000	0.000
03	  D	  0.7	  0.1	0.000	0.000	0.000
04	  E	  0.2	  0.1	0.000	0.000	0.000
05	  A	  0.1	  0.1	0.000	0.000	0.000
06	  L	  0.1	  0.1	0.000	0.000	0.000
07	  G	  0.6	  0.0	0.000	0.000	0.000
08	  V	  1.0	  0.0	0.000	0.000	0.000
09	  A	  1.0	  0.2	0.000	0.000	0.000
10	  P	  0.5	  0.3	0.000	0.000	0.000
11	  E	  0.0	  0.3	0.000	0.000	0.000
12	  K	  0.6	  0.3	0.000	0.000	0.000
13	  I	  0.7	  0.1	0.000	0.000	0.000
14	  W	  0.7	  0.4	0.000	0.000	0.000
15	  P	  0.1	  0.5	0.000	0.000	0.000
16	  S	  0.2	  0.5	0.000	0.000	0.000
17	  R	  0.8	  0.5	0.000	0.000	0.000
18	  Y	  0.8	  0.1	0.000	0.000	0.000
19	  S	  0.6	  0.0	0.000	0.000	0.000
