res	aa	Beta	Turn	Helix	Aggregation	Conc-Stab_Aggregation
01	  M	  1.8	  0.0	0.000	0.000	0.000
02	  K	  3.0	  0.0	0.000	0.000	0.000
03	  M	  3.1	  0.0	0.000	0.000	0.000
04	  K	  1.4	  0.1	0.000	0.000	0.000
05	  K	  0.7	  0.1	0.000	0.000	0.000
06	  L	  0.9	  0.1	0.000	0.000	0.000
07	  I	  2.2	  0.1	0.000	0.000	0.000
08	  K	  1.8	  0.1	0.000	0.000	0.000
09	  S	  1.6	  0.1	0.000	0.266	0.266
10	  S	  0.9	  0.1	0.000	2.540	2.540
11	  V	  3.0	  0.1	0.000	5.884	5.884
12	  A	  2.9	  0.1	0.000	6.134	6.134
13	  S	  2.5	  0.1	0.119	6.429	6.429
14	  S	  0.6	  0.1	0.119	8.786	8.786
15	  I	  3.1	  0.1	0.119	8.786	8.786
16	  A	  3.2	  0.0	0.119	8.677	8.677
17	  L	  3.8	  0.0	0.119	8.677	8.677
18	  L	  1.2	  0.0	0.119	8.318	8.318
19	  L	  0.9	  0.0	0.000	0.000	0.000
