res	aa	Beta	Turn	Helix	Aggregation	Conc-Stab_Aggregation
01	  I	  0.9	  0.0	0.000	0.000	0.000
02	  V	  5.3	  0.0	0.000	0.000	0.000
03	  D	  6.4	  0.0	0.000	0.000	0.000
04	  I	  8.8	  0.0	0.000	0.212	0.212
05	  V	  5.6	  0.2	0.000	0.212	0.212
06	  Q	  4.4	  1.3	0.000	0.212	0.212
07	  N	  1.2	  1.3	0.000	0.212	0.212
08	  G	  0.1	  1.3	0.000	0.371	0.371
09	  I	  1.2	  1.0	0.000	0.591	0.591
10	  Q	  2.6	  0.0	0.000	0.591	0.591
11	  I	  5.5	  0.0	0.000	0.591	0.591
12	  V	  5.3	  0.1	0.000	0.591	0.591
13	  S	  4.1	  0.1	0.000	0.220	0.220
14	  K	  1.5	  0.1	0.000	0.000	0.000
15	  F	  1.1	  0.2	0.000	0.000	0.000
16	  I	  0.9	  0.1	0.000	0.000	0.000
17	  G	  0.5	  0.1	0.000	0.000	0.000
18	  A	  0.1	  0.1	0.000	0.000	0.000
