res	aa	Beta	Turn	Helix	Aggregation	Conc-Stab_Aggregation
01	  T	  4.5	  0.0	0.000	0.000	0.000
02	  I	  6.0	  0.0	0.000	0.000	0.000
03	  D	  6.0	  0.0	0.000	0.000	0.000
04	  A	  1.6	  1.0	0.000	0.000	0.000
05	  P	  0.0	  1.0	0.000	0.000	0.000
06	  N	  0.0	  1.1	0.000	0.000	0.000
07	  N	  0.4	  1.1	0.000	0.000	0.000
08	  T	  2.6	  0.2	0.000	0.000	0.000
09	  Q	  2.7	  0.2	0.000	0.000	0.000
10	  S	  2.8	  0.9	0.000	0.000	0.000
11	  T	  0.7	  1.0	0.000	0.000	0.000
12	  D	  0.6	  0.9	0.000	0.000	0.000
13	  N	  0.4	  0.9	0.000	0.000	0.000
14	  T	  0.8	  0.3	0.000	0.000	0.000
15	  Q	  0.8	  0.1	0.000	0.000	0.000
16	  A	  0.5	  0.1	0.000	0.000	0.000
17	  A	  0.0	  0.0	0.000	0.000	0.000
