res	aa	Beta	Turn	Helix	Aggregation	Conc-Stab_Aggregation
01	  V	  6.6	  0.0	0.000	0.000	0.000
02	  N	  8.9	  0.0	0.000	0.000	0.000
03	  I	 12.5	  0.0	0.000	0.000	0.000
04	  T	  7.4	  0.0	0.145	0.000	0.000
05	  R	  5.0	  0.1	0.145	0.000	0.000
06	  Q	  1.9	  0.1	0.145	0.000	0.000
07	  T	  5.6	  0.1	0.269	0.000	0.000
08	  V	  7.5	  0.0	0.269	0.000	0.000
09	  Y	 12.9	  0.0	0.269	0.000	0.000
10	  R	 10.1	  0.0	0.125	0.000	0.000
11	  I	  8.4	  0.0	0.125	0.000	0.000
12	  K	  2.9	  0.1	0.125	0.000	0.000
13	  H	  0.5	  0.2	0.125	0.000	0.000
14	  D	  0.1	  0.3	0.000	0.000	0.000
15	  R	  0.3	  0.3	0.000	0.000	0.000
16	  L	  0.3	  0.2	0.000	0.000	0.000
17	  S	  0.3	  0.1	0.000	0.000	0.000
