res	aa	Beta	Turn	Helix	Aggregation	Conc-Stab_Aggregation
01	  M	  0.4	  0.0	0.000	0.000	0.000
02	  A	  1.0	  0.0	0.000	6.972	6.972
03	  I	  3.9	  0.0	0.000	10.074	10.074
04	  V	  3.6	  0.1	0.000	10.496	10.496
05	  G	  3.0	  0.1	0.115	10.496	10.496
06	  T	  2.3	  0.1	0.619	10.496	10.496
07	  I	  3.9	  0.1	0.619	10.155	10.155
08	  I	  8.8	  0.0	0.619	7.704	7.704
09	  K	  8.0	  0.0	0.619	0.022	0.022
10	  I	  8.0	  0.0	0.619	69.557	69.557
11	  I	  4.4	  0.0	0.619	76.061	76.061
12	  K	  3.1	  0.0	0.619	77.387	77.387
13	  A	  2.1	  0.0	0.298	77.387	77.387
14	  I	  1.6	  0.0	0.188	77.387	77.387
15	  I	  6.7	  0.0	0.188	77.387	77.387
16	  D	  7.2	  0.0	0.188	77.387	77.387
17	  I	  7.1	  0.0	0.188	77.321	77.321
18	  F	  2.5	  0.0	0.188	76.481	76.481
19	  A	  1.2	  0.0	0.000	51.932	51.932
20	  K	  0.5	  0.0	0.000	0.031	0.031
