res	aa	Beta	Turn	Helix	Aggregation	Conc-Stab_Aggregation
01	  M	  0.3	  0.0	0.000	0.000	0.000
02	  C	  1.7	  0.1	0.000	2.738	2.738
03	  T	  2.0	  0.1	0.000	6.138	6.138
04	  S	  2.0	  0.1	0.000	17.188	17.188
05	  I	  4.1	  0.1	0.000	76.869	76.869
06	  A	  4.4	  0.0	0.000	81.984	81.984
07	  V	  7.8	  0.0	0.000	87.975	87.975
08	  V	  4.7	  0.1	0.000	88.234	88.234
09	  D	  4.0	  0.1	0.000	83.474	83.474
10	  K	  0.5	  0.1	0.000	83.474	83.474
11	  F	  1.0	  0.0	0.000	83.474	83.474
12	  L	  1.5	  0.0	0.000	83.296	83.296
13	  F	  2.6	  0.0	0.000	82.135	82.135
14	  I	  2.2	  0.1	0.000	75.643	75.643
15	  R	  1.6	  0.1	0.000	0.000	0.000
16	  N	  0.3	  0.1	0.000	0.000	0.000
17	  K	  0.1	  0.1	0.000	0.000	0.000
