res	aa	Beta	Turn	Helix	Aggregation	Conc-Stab_Aggregation
01	  M	  0.1	  0.0	0.000	0.000	0.000
02	  A	  0.4	  0.0	0.000	0.000	0.000
03	  K	  0.7	  0.0	0.000	0.000	0.000
04	  I	  0.7	  0.0	0.000	0.000	0.000
05	  G	  0.6	  0.0	0.158	0.000	0.000
06	  Y	  0.9	  0.1	0.158	0.000	0.000
07	  A	  1.0	  0.1	0.158	0.000	0.000
08	  R	  2.1	  0.1	0.158	0.000	0.000
09	  V	  2.4	  0.2	0.158	0.000	0.000
10	  S	  2.5	  0.1	0.158	0.000	0.000
11	  T	  1.9	  0.2	0.000	0.000	0.000
12	  Q	  1.2	  0.2	0.000	0.000	0.000
13	  N	  0.9	  0.6	0.000	0.000	0.000
14	  Q	  0.5	  0.6	0.000	0.000	0.000
15	  S	  2.6	  3.1	0.000	0.000	0.000
16	  L	  2.6	  3.1	0.000	0.000	0.000
17	  D	  2.4	  2.6	0.000	0.000	0.000
18	  G	  0.1	  2.6	0.000	0.000	0.000
