res	aa	Beta	Turn	Helix	Aggregation	Conc-Stab_Aggregation
01	  I	  3.8	  0.0	0.000	0.000	0.000
02	  N	  3.8	  0.0	0.105	0.000	0.000
03	  W	  4.3	  0.0	0.105	0.000	0.000
04	  L	  1.8	  0.1	0.105	0.000	0.000
05	  K	  1.9	  0.2	0.105	0.000	0.000
06	  L	  1.4	  0.4	0.105	0.000	0.000
07	  G	  0.1	  0.4	0.105	0.000	0.000
08	  K	  0.6	  0.3	0.000	0.000	0.000
09	  M	  3.4	  0.2	0.000	0.000	0.000
10	  V	  8.2	  0.0	0.000	0.000	0.000
11	  I	  8.2	  0.0	0.000	0.000	0.000
12	  D	  5.5	  0.0	0.000	0.000	0.000
13	  A	  0.7	  0.0	0.000	0.000	0.000
14	  L	  0.0	  0.0	0.000	0.000	0.000
