res	aa	Beta	Turn	Helix	Aggregation	Conc-Stab_Aggregation
01	  M	  0.1	  0.0	0.000	0.000	0.000
02	  K	  0.3	  0.0	0.000	0.000	0.000
03	  K	  2.8	  0.0	0.000	0.000	0.000
04	  I	  7.9	  0.0	0.000	0.000	0.000
05	  K	 10.0	  0.0	0.000	0.000	0.000
06	  I	  8.1	  0.0	0.000	0.000	0.000
07	  V	  3.1	  0.0	0.000	0.000	0.000
08	  P	  0.5	  0.0	0.000	3.375	3.375
09	  L	  1.3	  0.0	0.000	3.498	3.498
10	  I	  3.4	  0.0	0.000	3.498	3.498
11	  L	  4.9	  0.0	0.000	3.498	3.498
12	  I	  3.7	  0.0	0.000	3.498	3.498
13	  V	  1.5	  0.0	0.000	0.122	0.122
