res	aa	Beta	Turn	Helix	Aggregation	Conc-Stab_Aggregation
01	  N	  0.1	  0.0	1.176	0.000	0.000
02	  E	  1.4	  0.0	1.289	0.000	0.000
03	  F	  2.7	  0.4	1.289	0.000	0.000
04	  Q	  2.7	  0.4	1.289	0.000	0.000
05	  D	  2.9	  0.4	1.289	0.000	0.000
06	  I	  2.5	  0.4	1.289	0.000	0.000
07	  I	  2.7	  0.0	1.289	0.000	0.000
08	  N	  1.4	  0.0	1.289	0.000	0.000
09	  K	  1.9	  0.1	0.889	0.000	0.000
10	  V	  1.8	  0.3	0.000	0.000	0.000
11	  D	  1.8	  0.3	0.000	0.000	0.000
12	  D	  1.0	  0.3	0.000	0.000	0.000
13	  W	  0.7	  0.2	0.000	0.000	0.000
14	  I	  0.7	  0.0	0.000	0.000	0.000
