res	aa	Beta	Turn	Helix	Aggregation	Conc-Stab_Aggregation
01	  M	  0.4	  0.2	0.000	0.002	0.002
02	  G	  0.4	  0.2	0.000	15.235	15.235
03	  I	  1.5	  0.2	0.000	82.555	82.555
04	  F	  4.2	  0.2	0.000	94.722	94.722
05	  S	  4.4	  0.0	0.000	95.621	95.621
06	  I	  4.8	  0.0	0.000	99.434	99.434
07	  F	  3.6	  0.0	0.000	99.725	99.725
08	  V	  7.0	  0.0	0.000	99.485	99.485
09	  I	  6.4	  0.0	0.000	95.850	95.850
10	  S	  4.9	  0.0	0.000	53.421	53.421
11	  T	  6.5	  0.0	0.000	47.658	47.658
12	  V	  9.5	  0.0	0.000	44.144	44.144
13	  H	 12.7	  0.0	0.000	1.043	1.043
14	  Y	  7.7	  0.0	0.000	0.916	0.916
15	  H	  3.8	  1.8	0.000	0.000	0.000
16	  P	  0.2	  1.8	0.000	0.000	0.000
17	  N	  0.0	  1.8	0.000	0.000	0.000
18	  K	  0.0	  1.8	0.000	0.000	0.000
19	  K	  0.0	  0.0	0.000	0.000	0.000
