res	aa	Beta	Turn	Helix	Aggregation	Conc-Stab_Aggregation
01	  M	  0.1	  0.0	0.000	0.000	0.000
02	  K	  0.2	  0.1	0.104	0.000	0.000
03	  K	  0.7	  0.1	0.762	0.000	0.000
04	  L	  1.0	  0.1	0.762	70.369	70.369
05	  I	  2.2	  0.0	0.762	99.341	99.341
06	  F	  2.3	  0.0	1.106	99.945	99.945
07	  L	  3.2	  0.0	1.106	99.991	99.991
08	  I	  9.2	  0.0	1.106	99.999	99.999
09	  V	 12.1	  0.0	1.106	100.000	100.000
10	  I	 13.0	  0.0	1.106	99.996	99.996
11	  A	  6.2	  0.0	1.106	99.952	99.952
12	  L	  4.2	  0.0	1.015	99.914	99.914
13	  V	  4.6	  0.0	0.839	99.695	99.695
14	  L	  4.8	  0.0	0.839	96.999	96.999
15	  S	  3.1	  0.0	0.317	23.082	23.082
16	  A	  0.4	  0.0	0.000	0.000	0.000
