res	aa	Beta	Turn	Helix	Aggregation	Conc-Stab_Aggregation
01	  M	  0.1	  0.0	0.000	0.000	0.000
02	  N	  0.2	  0.2	1.236	0.000	0.000
03	  K	  0.3	  0.4	1.236	0.000	0.000
04	  T	  0.3	  0.4	1.236	0.000	0.000
05	  D	  0.5	  0.4	1.236	0.000	0.000
06	  L	  0.9	  0.1	1.236	0.634	0.634
07	  I	  1.7	  0.0	1.236	0.634	0.634
08	  N	  1.6	  0.0	1.236	0.634	0.634
09	  A	  1.4	  0.0	0.594	0.634	0.634
10	  V	  1.1	  0.0	0.354	0.634	0.634
11	  A	  1.2	  0.0	0.354	0.292	0.292
12	  E	  2.5	  0.0	0.135	0.000	0.000
13	  V	  2.5	  0.2	0.000	0.000	0.000
14	  A	  2.3	  0.2	0.000	0.000	0.000
15	  D	  0.8	  0.2	0.000	0.000	0.000
16	  L	  0.7	  0.2	0.000	0.000	0.000
17	  T	  1.6	  0.1	0.000	0.000	0.000
18	  K	  1.7	  0.1	0.000	0.000	0.000
19	  K	  1.2	  0.1	0.000	0.000	0.000
20	  E	  0.2	  0.1	0.000	0.000	0.000
