res	aa	Beta	Turn	Helix	Aggregation	Conc-Stab_Aggregation
01	  Q	  1.1	  0.0	0.000	0.000	0.000
02	  V	  3.4	  0.0	0.000	0.000	0.000
03	  Y	  5.1	  0.0	0.000	0.000	0.000
04	  R	  4.3	  0.0	0.000	0.000	0.000
05	  A	  2.3	  0.0	0.000	0.000	0.000
06	  F	  2.4	  0.0	0.000	0.000	0.000
07	  K	  2.7	  0.0	0.000	0.000	0.000
08	  I	  5.0	  0.0	0.000	0.000	0.000
09	  M	  3.4	  0.2	0.000	0.000	0.000
10	  R	  2.9	  0.2	0.000	0.000	0.000
11	  G	  0.3	  0.2	0.000	0.000	0.000
12	  E	  0.2	  0.2	0.000	0.000	0.000
13	  A	  0.6	  0.1	0.000	0.000	0.000
14	  Y	  1.9	  0.0	0.000	0.000	0.000
15	  H	  1.8	  0.0	0.000	0.000	0.000
16	  K	  1.3	  0.0	0.000	0.000	0.000
