res	aa	Beta	Turn	Helix	Aggregation	Conc-Stab_Aggregation
01	  M	  0.1	  0.0	0.000	0.000	0.000
02	  I	  1.6	  0.0	0.458	0.000	0.000
03	  E	  1.7	  0.1	0.458	0.000	0.000
04	  R	  1.6	  0.2	0.458	0.000	0.000
05	  E	  0.1	  0.2	0.458	0.000	0.000
06	  L	  0.1	  0.2	0.458	0.000	0.000
07	  G	  0.0	  0.2	0.601	0.000	0.000
08	  N	  0.5	  0.0	1.136	0.000	0.000
09	  W	  0.7	  0.3	0.955	0.000	0.000
10	  K	  0.8	  0.3	0.955	0.000	0.000
11	  D	  0.7	  0.3	4.610	0.000	0.000
12	  F	  1.4	  0.3	4.733	5.580	5.580
13	  I	  8.7	  0.0	4.858	5.580	5.580
14	  E	  8.7	  0.0	4.858	5.580	5.580
15	  V	 11.6	  0.0	4.858	5.580	5.580
16	  M	  4.4	  0.0	4.858	5.580	5.580
17	  L	  4.2	  0.0	4.659	5.580	5.580
18	  R	  0.4	  0.0	4.415	5.580	5.580
19	  K	  0.3	  0.0	3.313	0.000	0.000
