res	aa	Beta	Turn	Helix	Aggregation	Conc-Stab_Aggregation
01	  M	  0.7	  0.0	0.000	0.000	0.000
02	  I	  1.8	  0.0	0.000	0.000	0.000
03	  A	  2.0	  0.0	0.000	0.000	0.000
04	  T	  2.4	  0.0	0.567	0.000	0.000
05	  T	  1.5	  0.1	1.100	0.000	0.000
06	  R	  1.7	  0.1	1.100	0.000	0.000
07	  A	  0.8	  0.0	1.100	0.000	0.000
08	  I	  1.0	  0.0	1.100	0.000	0.000
09	  A	  0.8	  0.0	1.100	0.000	0.000
10	  K	  1.0	  0.3	0.986	0.000	0.000
11	  A	  0.6	  0.4	0.281	0.000	0.000
12	  T	  0.6	  0.6	0.000	0.000	0.000
13	  G	  0.1	  0.6	0.000	0.000	0.000
14	  T	  0.6	  0.4	0.000	0.000	0.000
15	  S	  1.1	  0.3	0.000	0.000	0.000
16	  L	  1.3	  0.2	0.000	0.000	0.000
17	  Q	  1.2	  0.1	0.000	0.000	0.000
18	  S	  1.9	  0.1	0.000	0.000	0.000
19	  V	  1.7	  0.1	0.000	0.000	0.000
20	  I	  1.3	  0.0	0.000	0.000	0.000
