res	aa	Beta	Turn	Helix	Aggregation	Conc-Stab_Aggregation
01	  M	  2.2	  0.0	0.000	0.000	0.000
02	  R	  8.0	  0.0	0.000	0.000	0.000
03	  V	 18.8	  0.0	0.000	1.179	1.179
04	  N	 18.4	  0.0	0.000	1.179	1.179
05	  V	 18.9	  0.0	0.000	1.707	1.707
06	  T	  8.2	  0.0	0.000	1.707	1.707
07	  L	  6.4	  0.0	0.000	1.707	1.707
08	  A	  0.7	  0.0	0.000	1.432	1.432
09	  C	  0.9	  0.1	0.000	1.199	1.199
10	  T	  0.8	  0.2	0.000	0.455	0.455
11	  E	  0.7	  0.2	0.000	0.000	0.000
12	  C	  0.2	  1.0	0.000	0.000	0.000
13	  G	  0.1	  1.0	0.000	0.000	0.000
14	  D	  0.1	  2.1	0.000	0.000	0.000
15	  R	  0.3	  2.1	0.000	0.000	0.000
16	  N	  1.1	  1.3	0.000	0.000	0.000
17	  Y	  1.6	  1.3	0.000	0.000	0.000
18	  I	  1.3	  0.0	0.000	0.000	0.000
19	  T	  0.5	  0.0	0.000	0.000	0.000
