res	aa	Beta	Turn	Helix	Aggregation	Conc-Stab_Aggregation
01	  M	  0.2	  0.0	0.000	0.000	0.000
02	  T	  1.1	  0.0	0.000	0.000	0.000
03	  R	  2.5	  0.0	0.000	0.000	0.000
04	  V	  5.5	  0.0	0.000	0.000	0.000
05	  Q	  6.6	  0.0	0.000	0.000	0.000
06	  F	  5.7	  0.1	0.000	0.000	0.000
07	  K	  2.6	  0.1	0.000	0.000	0.000
08	  H	  1.3	  0.1	0.000	0.000	0.000
09	  H	  2.0	  0.1	0.000	0.000	0.000
10	  H	  1.9	  0.0	0.000	0.000	0.000
11	  H	  1.2	  0.0	0.000	0.000	0.000
12	  P	  0.1	  0.0	0.000	0.000	0.000
13	  D	  0.0	  0.0	0.000	0.000	0.000
