res	aa	Beta	Turn	Helix	Aggregation	Conc-Stab_Aggregation
01	  V	  1.8	  0.0	0.000	0.000	0.000
02	  T	  3.1	  0.0	0.000	0.000	0.000
03	  T	  3.8	  0.0	0.000	0.000	0.000
04	  H	  2.1	  2.6	0.000	0.000	0.000
05	  A	  0.8	  2.7	0.000	0.000	0.000
06	  D	  0.1	  2.8	0.000	0.000	0.000
07	  G	  0.1	  2.8	0.328	0.000	0.000
08	  T	  1.3	  0.4	0.328	0.000	0.000
09	  A	  2.1	  0.2	0.328	0.000	0.000
10	  T	  3.0	  0.1	0.328	0.000	0.000
11	  Y	  1.8	  0.3	0.328	0.000	0.000
12	  G	  1.0	  0.4	0.328	0.000	0.000
13	  P	  0.0	  0.4	0.000	0.000	0.000
14	  R	  2.3	  0.4	0.000	0.000	0.000
15	  V	  4.1	  0.2	0.000	0.000	0.000
16	  T	  4.1	  0.0	0.000	0.000	0.000
17	  K	  1.8	  0.0	0.000	0.000	0.000
