res	aa	Beta	Turn	Helix	Aggregation	Conc-Stab_Aggregation
01	  A	  0.1	  0.0	0.000	0.000	0.000
02	  K	  0.3	  0.2	0.000	0.000	0.000
03	  Q	  0.3	  0.3	0.000	0.000	0.000
04	  T	  0.3	  0.3	0.000	0.000	0.000
05	  G	  0.1	  0.2	0.000	0.000	0.000
06	  V	  0.9	  0.1	0.000	0.000	0.000
07	  S	  2.3	  0.5	0.468	0.000	0.000
08	  R	  2.6	  0.5	0.468	0.000	0.000
09	  S	  2.2	  0.5	0.468	0.000	0.000
10	  T	  6.3	  0.5	0.468	0.000	0.000
11	  V	  8.1	  0.1	0.468	0.000	0.000
12	  Y	  9.6	  0.0	0.468	0.000	0.000
13	  R	  4.6	  0.0	0.116	0.000	0.000
14	  M	  2.6	  0.0	0.116	0.000	0.000
15	  L	  0.9	  0.0	0.000	0.000	0.000
16	  K	  0.4	  0.0	0.000	0.000	0.000
17	  D	  0.2	  0.0	0.000	0.000	0.000
