res	aa	Beta	Turn	Helix	Aggregation	Conc-Stab_Aggregation
01	  M	  0.6	  0.0	0.000	0.000	0.000
02	  Q	  1.1	  0.1	0.000	0.000	0.000
03	  H	  1.3	  0.1	0.000	0.000	0.000
04	  Q	  1.1	  0.1	0.000	0.000	0.000
05	  A	  1.0	  0.1	0.000	0.000	0.000
06	  Y	  2.0	  0.1	0.000	0.000	0.000
07	  I	  2.5	  0.0	0.000	0.000	0.000
08	  N	  2.2	  0.6	0.000	0.000	0.000
09	  A	  1.4	  0.6	0.000	0.000	0.000
10	  S	  4.4	  0.8	0.000	0.000	0.000
11	  V	  8.6	  0.8	0.000	0.000	0.000
12	  D	 10.0	  0.3	0.000	0.000	0.000
13	  I	 10.2	  0.3	0.000	0.000	0.000
14	  R	  6.0	  0.0	0.000	0.000	0.000
15	  I	  4.1	  0.0	0.000	0.000	0.000
