res	aa	Beta	Turn	Helix	Aggregation	Conc-Stab_Aggregation
01	  M	  1.1	  0.0	0.000	0.000	0.000
02	  Q	  1.7	  0.0	0.000	0.000	0.000
03	  L	  2.1	  0.0	0.080	0.000	0.000
04	  T	  1.2	  0.0	37.527	0.000	0.000
05	  A	  0.6	  0.0	37.989	0.000	0.000
06	  E	  0.2	  0.1	38.595	0.000	0.000
07	  E	  0.8	  0.1	38.998	0.000	0.000
08	  L	  1.6	  0.1	38.998	0.000	0.000
09	  K	  1.7	  0.0	38.998	0.000	0.000
10	  L	  1.1	  0.0	37.223	0.000	0.000
11	  L	  0.5	  0.1	35.360	0.000	0.000
12	  K	  0.6	  0.1	32.976	0.000	0.000
13	  S	  0.6	  0.1	14.076	0.000	0.000
14	  I	  0.8	  0.1	4.366	0.000	0.000
15	  A	  0.5	  0.0	4.255	0.000	0.000
16	  K	  0.3	  0.0	1.986	0.000	0.000
