res	aa	Beta	Turn	Helix	Aggregation	Conc-Stab_Aggregation
01	  F	  1.3	  0.0	0.000	0.000	0.000
02	  H	  1.9	  0.2	0.000	0.000	0.000
03	  L	  3.8	  0.2	0.000	0.000	0.000
04	  D	  4.6	  0.2	0.000	0.000	0.000
05	  V	 10.8	  0.2	0.000	0.000	0.000
06	  E	 10.1	  0.0	0.000	0.000	0.000
07	  I	 11.7	  0.0	0.000	0.000	0.000
08	  S	  5.8	  0.0	0.000	0.000	0.000
09	  Y	  5.7	  0.1	0.000	0.000	0.000
10	  V	  3.0	  0.1	0.000	0.000	0.000
11	  D	  2.2	  0.1	0.000	0.000	0.000
12	  S	  1.0	  0.1	0.000	0.000	0.000
13	  N	  0.1	  0.0	0.000	0.000	0.000
