res	aa	Beta	Turn	Helix	Aggregation	Conc-Stab_Aggregation
01	  M	  0.4	  0.0	0.000	0.000	0.000
02	  Q	  0.6	  0.0	0.000	0.000	0.000
03	  A	  0.8	  0.0	0.000	0.000	0.000
04	  K	  2.3	  0.0	0.000	0.000	0.000
05	  L	  2.5	  0.0	0.000	0.000	0.000
06	  T	  2.8	  0.3	0.200	0.000	0.000
07	  K	  1.0	  0.3	0.200	0.000	0.000
08	  N	  0.6	  0.3	2.017	0.000	0.000
09	  E	  0.2	  0.2	2.017	0.000	0.000
10	  F	  1.1	  0.0	2.131	0.000	0.000
11	  I	  2.5	  0.0	2.131	0.000	0.000
12	  E	  2.5	  0.0	2.131	0.000	0.000
13	  R	  1.8	  0.0	2.131	0.000	0.000
14	  L	  0.5	  0.1	1.988	0.000	0.000
15	  K	  0.6	  0.1	1.603	0.000	0.000
16	  T	  0.5	  0.3	0.135	0.000	0.000
17	  S	  0.3	  0.3	0.135	0.000	0.000
18	  E	  0.2	  0.2	0.000	0.000	0.000
19	  G	  0.0	  0.2	0.000	0.000	0.000
