res	aa	Beta	Turn	Helix	Aggregation	Conc-Stab_Aggregation
01	  M	  0.4	  0.2	0.000	0.002	0.002
02	  G	  0.4	  0.2	0.000	15.234	15.234
03	  I	  1.5	  0.2	0.000	82.549	82.549
04	  F	  4.2	  0.2	0.000	94.715	94.715
05	  S	  4.4	  0.0	0.000	95.614	95.614
06	  I	  4.8	  0.0	0.000	99.434	99.434
07	  F	  3.6	  0.0	0.000	99.725	99.725
08	  V	  7.0	  0.0	0.000	99.486	99.486
09	  I	  6.4	  0.0	0.000	95.858	95.858
10	  S	  4.8	  0.0	0.000	53.519	53.519
11	  T	  6.4	  0.0	0.000	47.769	47.769
12	  V	  9.5	  0.0	0.000	44.262	44.262
13	  H	 15.3	  0.0	0.000	1.251	1.251
14	  Y	 10.6	  0.0	0.000	1.125	1.125
15	  Q	  6.8	  0.6	0.000	0.000	0.000
16	  P	  0.4	  0.6	0.000	0.000	0.000
17	  N	  0.0	  0.6	0.000	0.000	0.000
18	  K	  0.0	  0.6	0.000	0.000	0.000
19	  K	  0.0	  0.0	0.000	0.000	0.000
