res	aa	Beta	Turn	Helix	Aggregation	Conc-Stab_Aggregation
01	  M	  0.2	  0.0	0.000	0.000	0.000
02	  Q	  0.4	  0.1	0.000	0.000	0.000
03	  K	  0.6	  0.2	0.000	0.000	0.000
04	  R	  0.4	  0.2	0.000	0.000	0.000
05	  N	  0.7	  0.2	0.635	0.965	0.965
06	  L	  1.1	  0.1	0.635	58.212	58.212
07	  Y	  2.3	  0.1	0.741	81.496	81.496
08	  I	  9.0	  0.1	0.741	87.386	87.386
09	  N	  8.5	  0.1	1.389	87.790	87.790
10	  I	 10.3	  0.1	1.389	87.790	87.790
11	  L	  4.1	  0.0	1.389	87.409	87.409
12	  V	  5.0	  0.0	1.389	84.255	84.255
13	  Y	  3.4	  0.0	1.389	66.798	66.798
14	  K	  2.8	  0.0	0.946	0.000	0.000
15	  L	  3.2	  0.0	0.586	0.000	0.000
16	  Q	  2.8	  0.0	0.586	0.000	0.000
17	  L	  2.6	  0.0	0.131	0.000	0.000
18	  T	  1.2	  0.0	0.000	0.000	0.000
19	  Q	  0.3	  0.0	0.000	0.000	0.000
