res	aa	Beta	Turn	Helix	Aggregation	Conc-Stab_Aggregation
01	  N	  0.0	  0.0	0.000	0.000	0.000
02	  S	  0.8	  0.2	0.205	0.639	0.639
03	  A	  0.9	  0.2	0.205	3.004	3.004
04	  T	  1.5	  0.2	0.205	4.436	4.436
05	  T	  1.4	  0.1	0.205	5.578	5.578
06	  A	  1.8	  0.0	0.205	7.173	7.173
07	  V	  5.4	  0.0	0.205	7.173	7.173
08	  Y	 10.7	  0.0	0.205	7.173	7.173
09	  S	 13.0	  0.0	0.000	6.008	6.008
10	  F	 10.1	  0.2	0.000	5.832	5.832
11	  Q	  4.5	  0.2	0.000	0.000	0.000
12	  D	  1.7	  0.2	0.000	0.000	0.000
13	  W	  1.5	  0.2	0.000	0.000	0.000
14	  V	  2.6	  0.0	0.000	0.000	0.000
15	  S	  2.4	  0.0	0.000	0.000	0.000
16	  A	  1.5	  0.0	0.000	0.000	0.000
