res	aa	Beta	Turn	Helix	Aggregation	Conc-Stab_Aggregation
01	  E	  0.1	  0.0	0.000	0.000	0.000
02	  R	  0.2	  0.0	0.000	0.000	0.000
03	  A	  0.2	  0.3	0.000	0.000	0.000
04	  E	  0.1	  0.5	0.000	0.000	0.000
05	  D	  0.0	  0.8	0.000	0.000	0.000
06	  S	  0.1	  2.3	0.000	0.000	0.000
07	  G	  0.0	  2.0	0.000	0.000	0.000
08	  N	  0.1	  3.1	0.000	0.000	0.000
09	  E	  0.0	  2.8	0.000	0.000	0.000
10	  S	  0.0	  2.0	0.000	0.000	0.000
11	  E	  0.0	  4.3	0.000	0.000	0.000
12	  G	  0.0	  3.2	0.000	0.000	0.000
13	  D	  0.1	  3.2	0.000	0.000	0.000
14	  H	  0.2	  2.6	0.000	0.000	0.000
15	  E	  0.2	  0.3	0.000	0.000	0.000
16	  E	  0.5	  0.2	0.000	0.000	0.000
17	  L	  1.0	  0.2	0.000	0.206	0.206
18	  S	  1.1	  0.0	0.000	0.206	0.206
19	  A	  1.0	  0.0	0.000	0.206	0.206
20	  L	  0.9	  0.1	0.000	0.206	0.206
21	  V	  3.2	  0.0	0.000	0.206	0.206
22	  D	  3.0	  0.6	0.000	0.000	0.000
23	  M	  2.6	  0.7	0.000	0.000	0.000
24	  G	  0.1	  0.8	0.000	0.000	0.000
25	  H	  0.2	  0.8	0.000	0.000	0.000
26	  D	  0.1	  0.2	0.000	0.000	0.000
27	  A	  0.2	  0.1	0.000	0.000	0.000
28	  L	  0.4	  0.0	0.000	0.000	0.000
29	  W	  2.5	  0.0	0.000	0.000	0.000
30	  D	  3.0	  0.9	0.000	0.000	0.000
31	  V	  3.1	  1.0	0.000	0.000	0.000
32	  D	  1.0	  1.0	0.000	0.000	0.000
33	  D	  0.3	  1.0	0.000	0.000	0.000
34	  L	  0.0	  0.1	0.000	0.000	0.000
