res	aa	Beta	Turn	Helix	Aggregation	Conc-Stab_Aggregation
01	  R	  0.2	  0.0	0.000	0.000	0.000
02	  D	  2.1	  0.0	0.000	0.000	0.000
03	  V	  2.7	  0.0	0.000	0.000	0.000
04	  T	  2.5	  0.0	0.000	0.000	0.000
05	  P	  0.6	  0.0	0.000	0.000	0.000
06	  V	  0.0	  0.1	0.000	0.000	0.000
07	  P	  0.0	  0.4	0.000	0.000	0.000
08	  H	  0.1	  1.0	0.000	0.000	0.000
09	  N	  0.0	  1.4	0.000	0.000	0.000
10	  G	  0.1	  1.2	0.000	0.000	0.000
11	  C	  0.1	  1.0	0.000	0.000	0.000
12	  R	  0.1	  0.3	0.000	0.000	0.000
13	  P	  0.0	  0.2	0.000	0.000	0.000
14	  P	  0.0	  0.3	0.000	0.000	0.000
15	  K	  0.3	  0.3	0.000	0.000	0.000
16	  R	  0.7	  0.4	0.000	0.000	0.000
17	  R	  1.4	  0.1	0.000	0.000	0.000
18	  R	  1.1	  0.1	0.000	0.000	0.000
19	  V	  0.7	  0.0	0.000	0.000	0.000
