res	aa	Beta	Turn	Helix	Aggregation	Conc-Stab_Aggregation
01	  M	  0.2	  0.0	0.000	0.000	0.000
02	  R	  0.2	  0.2	0.000	0.000	0.000
03	  P	  0.2	  0.6	0.000	0.000	0.000
04	  E	  0.0	  0.6	0.000	0.000	0.000
05	  D	  0.2	  0.6	0.000	0.000	0.000
06	  M	  2.3	  0.4	0.000	0.000	0.000
07	  V	  4.7	  0.0	0.000	0.129	0.129
08	  V	  5.2	  0.0	0.000	0.129	0.129
09	  C	  3.7	  0.1	0.000	0.129	0.129
10	  N	  1.6	  1.7	0.000	0.129	0.129
11	  L	  3.0	  1.7	0.000	0.129	0.129
12	  D	  3.4	  1.7	0.000	0.000	0.000
13	  C	  6.2	  1.7	0.000	0.000	0.000
14	  E	  4.5	  0.0	0.000	0.000	0.000
15	  I	  6.0	  0.0	0.000	0.000	0.000
16	  V	  3.2	  0.1	0.000	0.000	0.000
17	  E	  2.9	  0.1	0.000	0.000	0.000
18	  G	  0.2	  0.1	0.000	0.000	0.000
19	  I	  0.0	  0.1	0.000	0.000	0.000
