res	aa	Beta	Turn	Helix	Aggregation	Conc-Stab_Aggregation
01	  M	  0.7	  0.0	0.000	0.016	0.016
02	  F	  2.2	  0.0	0.000	96.392	96.392
03	  I	  6.2	  0.0	0.000	99.338	99.338
04	  V	 13.8	  0.0	0.000	99.872	99.872
05	  T	 14.2	  0.0	0.000	99.916	99.916
06	  F	 10.7	  0.1	0.000	99.988	99.988
07	  I	  2.5	  0.2	0.000	99.993	99.993
08	  G	  0.6	  0.2	0.357	99.990	99.990
09	  I	  8.6	  0.2	0.357	99.995	99.995
10	  V	 12.2	  0.0	0.357	99.991	99.991
11	  V	 14.9	  0.0	0.357	99.940	99.940
12	  A	  7.4	  0.0	0.357	99.321	99.321
13	  I	  4.3	  0.0	0.357	98.792	98.792
14	  I	  5.4	  0.0	0.357	92.650	92.650
15	  N	  4.9	  0.6	0.357	21.170	21.170
16	  L	  4.2	  0.8	0.228	18.239	18.239
17	  S	  0.4	  0.8	0.115	1.012	1.012
18	  N	  0.1	  0.8	0.000	0.076	0.076
19	  K	  0.1	  0.2	0.000	0.000	0.000
20	  K	  0.0	  0.0	0.000	0.000	0.000
