res	aa	Beta	Turn	Helix	Aggregation	Conc-Stab_Aggregation
01	  T	  0.1	  0.1	0.000	0.000	0.000
02	  E	  0.5	  0.1	0.000	0.327	0.327
03	  L	  0.5	  0.3	0.000	1.494	1.494
04	  S	  0.4	  0.3	0.655	1.902	1.902
05	  N	  0.1	  0.3	1.126	2.489	2.489
06	  A	  0.2	  0.2	1.126	16.853	16.853
07	  L	  0.5	  0.0	1.126	16.853	16.853
08	  F	  1.4	  0.0	1.126	16.853	16.853
09	  A	  1.7	  0.0	1.126	16.624	16.624
10	  I	  4.3	  0.0	0.989	16.624	16.624
11	  K	  4.0	  0.0	0.989	0.327	0.327
12	  F	  4.0	  0.0	0.529	0.327	0.327
13	  A	  1.0	  0.0	0.242	0.222	0.222
14	  H	  0.5	  0.0	0.000	0.000	0.000
