res	aa	Beta	Turn	Helix	Aggregation	Conc-Stab_Aggregation
01	  M	  1.4	  0.0	0.000	0.000	0.000
02	  D	  1.8	  0.0	0.865	24.876	24.876
03	  F	  3.0	  0.0	1.159	33.202	33.202
04	  I	  2.4	  0.0	1.487	34.550	34.550
05	  I	  7.0	  0.0	1.729	34.550	34.550
06	  D	  7.1	  0.0	3.354	34.550	34.550
07	  I	  8.0	  0.0	3.354	34.550	34.550
08	  I	  3.5	  0.0	3.354	34.550	34.550
09	  K	  2.1	  0.0	3.354	34.550	34.550
10	  K	  1.9	  0.0	3.151	24.876	24.876
11	  I	  4.4	  0.0	2.420	39.099	39.099
12	  V	  4.5	  0.2	2.420	41.135	41.135
13	  G	  3.1	  0.2	2.420	39.930	39.930
14	  L	  0.6	  0.2	0.487	39.813	39.813
15	  F	  1.7	  0.3	0.234	39.123	39.123
16	  T	  1.8	  0.2	0.000	24.577	24.577
17	  G	  1.5	  0.2	0.000	4.579	4.579
18	  K	  0.1	  0.2	0.000	0.000	0.000
