res	aa	Beta	Turn	Helix	Aggregation	Conc-Stab_Aggregation
01	  V	  2.5	  0.0	0.000	0.000	0.000
02	  D	  2.6	  0.0	0.148	0.000	0.000
03	  C	  2.8	  0.2	0.148	0.000	0.000
04	  A	  0.5	  0.2	0.148	0.000	0.000
05	  T	  0.8	  0.2	0.250	0.000	0.000
06	  Q	  0.7	  0.3	0.250	0.000	0.000
07	  E	  0.5	  0.1	0.250	0.000	0.000
08	  E	  0.5	  0.1	0.102	0.000	0.000
09	  V	  3.7	  0.0	0.102	0.000	0.000
10	  I	  6.3	  0.0	0.102	0.000	0.000
11	  E	  5.9	  0.0	0.102	0.000	0.000
12	  L	  3.4	  0.1	0.102	0.833	0.833
13	  V	  1.2	  0.1	0.102	0.978	0.978
14	  N	  1.3	  0.1	0.102	0.978	0.978
15	  N	  1.4	  0.1	0.102	0.978	0.978
16	  Y	  2.3	  0.1	0.102	0.978	0.978
17	  V	  2.1	  0.0	0.000	0.978	0.978
18	  K	  1.5	  0.0	0.000	0.000	0.000
