res	aa	Beta	Turn	Helix	Aggregation	Conc-Stab_Aggregation
01	  I	  2.5	  0.0	0.000	0.000	0.000
02	  D	  2.8	  0.0	3.682	0.000	0.000
03	  W	  3.0	  0.1	3.975	0.000	0.000
04	  K	  0.6	  0.1	3.975	0.000	0.000
05	  K	  0.5	  0.1	3.975	0.000	0.000
06	  L	  0.6	  0.1	3.975	0.000	0.000
07	  L	  0.8	  0.0	4.227	0.000	0.000
08	  D	  0.5	  0.1	4.116	0.000	0.000
09	  A	  0.3	  0.1	3.814	0.000	0.000
10	  A	  0.1	  0.2	3.340	0.000	0.000
11	  K	  0.4	  0.2	2.747	0.000	0.000
12	  Q	  1.2	  0.1	1.267	0.000	0.000
13	  I	  1.2	  0.1	0.000	0.000	0.000
14	  L	  0.9	  0.0	0.000	0.000	0.000
