res	aa	Beta	Turn	Helix	Aggregation	Conc-Stab_Aggregation
01	  F	  0.1	  0.0	0.000	0.000	0.000
02	  L	  0.2	  0.0	0.000	0.000	0.000
03	  P	  0.2	  0.0	0.000	0.000	0.000
04	  L	  0.1	  0.1	0.000	0.000	0.000
05	  I	  0.2	  0.2	0.000	0.000	0.000
06	  G	  0.2	  0.2	0.000	0.000	0.000
07	  R	  1.7	  0.2	0.000	0.000	0.000
08	  V	  4.5	  0.2	0.000	3.127	3.127
09	  L	  4.7	  0.2	0.000	3.127	3.127
10	  S	  3.1	  0.3	0.000	3.127	3.127
11	  G	  0.2	  0.3	0.000	3.127	3.127
12	  I	  0.1	  0.2	0.000	3.127	3.127
13	  L	  0.0	  0.1	0.000	0.000	0.000
