res	aa	Beta	Turn	Helix	Aggregation	Conc-Stab_Aggregation
01	  M	  0.4	  0.0	0.000	0.002	0.002
02	  G	  0.4	  0.0	0.000	15.563	15.563
03	  I	  3.4	  0.0	0.000	84.697	84.697
04	  V	  6.2	  0.0	0.000	97.938	97.938
05	  S	  6.4	  0.0	0.000	98.943	98.943
06	  I	  4.8	  0.0	0.000	99.428	99.428
07	  F	  3.6	  0.0	0.000	99.436	99.436
08	  V	  8.7	  0.0	0.000	98.919	98.919
09	  I	  8.8	  0.0	0.000	91.642	91.642
10	  N	  7.0	  0.0	0.000	6.827	6.827
11	  Q	  2.1	  0.0	0.000	3.087	3.087
12	  V	  4.6	  0.0	0.000	2.930	2.930
13	  H	  6.9	  0.0	0.000	1.011	1.011
14	  Y	  7.4	  0.0	0.000	1.006	1.006
15	  I	  3.7	  0.0	0.000	0.959	0.959
16	  S	  1.2	  0.0	0.000	0.228	0.228
17	  D	  0.2	  0.0	0.000	0.000	0.000
