res	aa	Beta	Turn	Helix	Aggregation	Conc-Stab_Aggregation
01	  M	  0.0	  0.0	0.000	0.000	0.000
02	  A	  0.1	  0.0	0.000	0.000	0.000
03	  E	  1.1	  0.1	0.000	0.000	0.000
04	  M	  5.2	  0.1	0.000	0.000	0.000
05	  N	  5.6	  0.5	0.000	0.000	0.000
06	  C	  4.9	  0.5	0.000	0.000	0.000
07	  S	  0.8	  0.4	0.000	0.000	0.000
08	  D	  0.2	  1.0	0.842	0.000	0.000
09	  P	  0.0	  0.6	0.842	0.000	0.000
10	  Y	  1.1	  0.7	0.842	0.000	0.000
11	  D	  1.3	  0.7	1.211	0.000	0.000
12	  L	  1.7	  0.0	1.211	4.019	4.019
13	  I	  1.5	  0.0	1.211	4.483	4.483
14	  W	  2.3	  0.0	1.211	4.483	4.483
15	  L	  2.0	  0.0	1.098	4.483	4.483
16	  V	  1.1	  0.0	0.904	4.483	4.483
17	  P	  0.1	  0.0	0.000	3.143	3.143
18	  T	  0.0	  0.0	0.000	0.000	0.000
