res	aa	Beta	Turn	Helix	Aggregation	Conc-Stab_Aggregation
01	  M	  0.4	  0.0	0.000	0.000	0.000
02	  N	  0.4	  0.0	0.476	0.003	0.003
03	  A	  0.5	  0.0	0.476	0.023	0.023
04	  A	  0.4	  0.0	0.476	0.079	0.079
05	  I	  1.8	  0.0	0.476	0.144	0.144
06	  F	  4.2	  0.0	0.476	0.150	0.150
07	  R	  5.2	  0.0	0.476	0.149	0.149
08	  F	  5.1	  0.0	0.283	97.720	97.720
09	  F	  3.7	  0.0	0.000	99.514	99.514
10	  F	  3.8	  0.0	0.000	99.514	99.514
11	  Y	  4.8	  0.0	0.000	99.514	99.514
12	  F	  4.7	  0.0	0.000	99.514	99.514
13	  S	  3.4	  0.0	0.000	25.160	25.160
14	  T	  1.2	  0.0	0.000	0.148	0.148
