res	aa	Beta	Turn	Helix	Aggregation	Conc-Stab_Aggregation
01	  P	  0.0	  0.0	0.000	0.000	0.000
02	  R	  0.1	  0.0	0.000	0.000	0.000
03	  M	  0.2	  0.4	0.000	0.000	0.000
04	  A	  0.2	  0.4	0.000	0.000	0.000
05	  G	  0.2	  0.6	0.000	0.000	0.000
06	  M	  0.3	  0.6	0.000	0.000	0.000
07	  D	  0.3	  0.4	0.000	0.000	0.000
08	  Q	  0.9	  0.4	0.000	0.000	0.000
09	  H	  0.8	  0.4	0.000	0.000	0.000
10	  E	  0.8	  0.3	0.000	0.000	0.000
11	  Q	  0.2	  0.2	0.000	0.000	0.000
12	  A	  0.8	  0.2	0.000	0.000	0.000
13	  I	  3.9	  0.0	0.000	0.000	0.000
14	  I	  4.3	  0.0	0.000	0.000	0.000
15	  A	  3.7	  0.0	0.000	0.000	0.000
16	  H	  0.5	  0.0	0.000	0.000	0.000
17	  E	  0.1	  0.0	0.000	0.000	0.000
