res	aa	Beta	Turn	Helix	Aggregation	Conc-Stab_Aggregation
01	  M	  1.3	  0.0	0.000	0.000	0.000
02	  H	  2.1	  0.2	0.000	0.000	0.000
03	  L	  3.5	  0.2	0.000	0.203	0.203
04	  N	  2.5	  0.5	0.000	0.203	0.203
05	  L	  3.7	  0.5	0.000	3.367	3.367
06	  S	  3.2	  0.3	0.000	3.742	3.742
07	  F	  4.2	  0.4	0.000	6.473	6.473
08	  W	  5.1	  0.1	0.000	6.473	6.473
09	  N	  4.6	  0.1	0.000	6.270	6.270
10	  V	  4.7	  0.1	0.000	6.455	6.455
11	  A	  1.9	  0.0	0.000	5.078	5.078
12	  Q	  2.2	  0.0	0.000	2.538	2.538
13	  V	  2.6	  0.0	0.000	2.790	2.790
14	  T	  2.6	  0.0	0.000	1.589	1.589
15	  N	  2.4	  0.0	0.000	0.676	0.676
16	  M	  1.3	  0.1	0.000	0.676	0.676
17	  I	  2.2	  0.1	0.000	0.676	0.676
18	  N	  2.3	  0.1	0.000	0.000	0.000
19	  S	  1.7	  0.1	0.000	0.000	0.000
20	  F	  0.6	  0.0	0.000	0.000	0.000
