res	aa	Beta	Turn	Helix	Aggregation	Conc-Stab_Aggregation
01	  M	  0.4	  0.0	0.000	0.000	0.000
02	  T	  2.7	  0.0	0.000	1.845	1.845
03	  Q	  3.7	  0.0	0.000	2.968	2.968
04	  Y	  4.2	  0.0	0.000	57.426	57.426
05	  L	  2.2	  0.0	0.000	71.436	71.436
06	  V	  2.7	  0.0	0.000	71.436	71.436
07	  T	  5.0	  0.0	0.000	71.285	71.285
08	  T	 17.7	  0.0	0.000	71.133	71.133
09	  F	 16.6	  0.3	0.000	70.354	70.354
10	  K	 13.6	  0.3	0.000	0.000	0.000
11	  D	  0.6	  0.9	0.000	0.000	0.000
12	  S	  0.1	  1.1	0.000	0.000	0.000
13	  T	  0.2	  1.1	0.000	0.000	0.000
14	  G	  0.1	  1.1	0.000	0.000	0.000
15	  R	  0.2	  0.5	0.000	0.000	0.000
16	  K	  0.7	  0.3	0.000	0.000	0.000
17	  H	  1.8	  0.1	0.000	0.000	0.000
18	  T	  4.5	  0.1	0.000	0.000	0.000
19	  H	  4.0	  0.0	0.000	0.000	0.000
20	  T	  2.8	  0.0	0.000	0.000	0.000
