res	aa	Beta	Turn	Helix	Aggregation	Conc-Stab_Aggregation
01	  N	  0.0	  0.0	0.000	0.000	0.000
02	  A	  0.2	  0.1	0.000	0.000	0.000
03	  M	  0.6	  0.1	0.000	0.000	0.000
04	  N	  1.2	  0.1	0.000	0.000	0.000
05	  H	  6.9	  0.1	0.000	0.000	0.000
06	  I	  8.4	  0.0	0.000	0.000	0.000
07	  K	  8.0	  0.0	0.000	0.000	0.000
08	  R	  2.6	  0.0	0.000	0.000	0.000
09	  L	  0.6	  0.3	0.000	0.000	0.000
10	  S	  0.5	  0.3	0.000	0.000	0.000
11	  N	  0.1	  0.2	0.000	0.000	0.000
12	  N	  0.0	  0.5	0.472	0.000	0.000
13	  P	  0.0	  0.3	0.472	0.000	0.000
14	  E	  0.0	  0.3	0.472	0.000	0.000
15	  L	  1.0	  0.3	0.472	0.000	0.000
16	  L	  1.9	  0.1	0.472	0.000	0.000
17	  L	  1.9	  0.0	0.472	0.000	0.000
18	  M	  1.2	  0.0	0.340	0.000	0.000
19	  E	  0.2	  0.0	0.115	0.000	0.000
20	  G	  0.1	  0.0	0.000	0.000	0.000
