res	aa	Beta	Turn	Helix	Aggregation	Conc-Stab_Aggregation
01	  M	  0.2	  0.0	0.000	0.000	0.000
02	  L	  0.3	  0.1	0.000	0.000	0.000
03	  K	  0.5	  0.2	0.000	0.000	0.000
04	  D	  1.5	  0.2	0.534	0.932	0.932
05	  I	 16.3	  0.2	0.534	3.088	3.088
06	  T	 18.8	  0.0	2.034	3.088	3.088
07	  Y	 18.3	  0.0	2.034	3.205	3.205
08	  L	  4.6	  0.0	2.034	3.205	3.205
09	  K	  1.9	  0.0	2.259	3.205	3.205
10	  L	  1.6	  0.0	2.170	3.205	3.205
11	  L	  1.4	  0.0	2.170	3.068	3.068
12	  D	  1.4	  0.0	3.015	2.273	2.273
13	  L	  1.8	  0.0	2.737	1.955	1.955
14	  E	  3.8	  0.0	2.625	0.000	0.000
15	  Y	  4.9	  0.0	2.166	0.000	0.000
16	  K	  4.5	  0.0	1.535	0.000	0.000
17	  M	  3.0	  0.0	1.200	0.000	0.000
18	  L	  2.0	  0.0	0.745	0.000	0.000
19	  C	  1.8	  0.0	0.520	0.000	0.000
20	  S	  0.4	  0.0	0.520	0.000	0.000
