res	aa	Beta	Turn	Helix	Aggregation	Conc-Stab_Aggregation
01	  M	  0.4	  0.2	0.000	0.002	0.002
02	  G	  0.4	  0.2	0.000	15.526	15.526
03	  I	  1.5	  0.2	0.000	84.192	84.192
04	  F	  4.2	  0.2	0.000	96.617	96.617
05	  S	  4.4	  0.0	0.000	97.515	97.515
06	  I	  4.7	  0.0	0.000	99.449	99.449
07	  F	  3.5	  0.0	0.000	99.591	99.591
08	  V	  8.3	  0.0	0.000	99.194	99.194
09	  I	  8.6	  0.0	0.000	93.503	93.503
10	  N	  7.5	  0.0	0.000	27.079	27.079
11	  T	  7.6	  0.0	0.000	24.169	24.169
12	  V	  9.6	  0.0	0.000	22.395	22.395
13	  H	 14.9	  0.0	0.000	0.632	0.632
14	  Y	 10.4	  0.0	0.000	0.569	0.569
15	  Q	  6.7	  0.6	0.000	0.000	0.000
16	  P	  0.4	  0.6	0.000	0.000	0.000
17	  N	  0.0	  0.6	0.000	0.000	0.000
18	  K	  0.0	  0.6	0.000	0.000	0.000
19	  K	  0.0	  0.0	0.000	0.000	0.000
