res	aa	Beta	Turn	Helix	Aggregation	Conc-Stab_Aggregation
01	  M	  0.0	  0.3	0.000	0.000	0.000
02	  G	  0.1	  0.3	0.000	4.124	4.124
03	  T	 30.3	  0.3	0.000	22.474	22.474
04	  F	 32.5	  0.3	0.000	88.586	88.586
05	  S	 32.6	  0.0	0.000	92.830	92.830
06	  I	  4.7	  0.0	0.000	94.146	94.146
07	  F	  2.7	  0.0	0.000	94.146	94.146
08	  V	  8.0	  0.0	0.000	93.829	93.829
09	  I	  7.4	  0.0	0.000	78.997	78.997
10	  N	  6.1	  0.0	0.000	4.341	4.341
11	  K	  0.7	  0.0	0.000	0.000	0.000
12	  V	  0.4	  0.0	0.000	0.000	0.000
13	  P	  0.2	  0.0	0.000	0.000	0.000
14	  Y	  3.4	  0.0	0.000	0.000	0.000
15	  Q	  4.2	  0.0	0.000	0.000	0.000
16	  L	  4.4	  0.1	0.000	0.000	0.000
17	  N	  1.2	  0.1	0.000	0.000	0.000
18	  Q	  0.3	  0.0	0.000	0.000	0.000
19	  N	  0.1	  0.0	0.000	0.000	0.000
