res	aa	Beta	Turn	Helix	Aggregation	Conc-Stab_Aggregation
01	  M	  0.3	  0.0	0.000	0.000	0.000
02	  M	  0.4	  0.0	0.000	0.000	0.000
03	  K	  0.5	  0.1	0.000	0.000	0.000
04	  K	  0.6	  0.1	0.000	0.000	0.000
05	  L	  0.8	  0.1	0.000	0.000	0.000
06	  S	  0.8	  0.2	0.000	0.000	0.000
07	  K	  0.4	  0.1	0.000	0.000	0.000
08	  K	  1.1	  0.1	0.000	0.000	0.000
09	  F	  2.8	  0.2	0.000	0.000	0.000
10	  Q	  2.8	  0.4	0.000	0.000	0.000
11	  K	  1.9	  0.6	0.000	0.000	0.000
12	  G	  0.0	  0.6	0.000	0.000	0.000
13	  G	  0.0	  0.5	0.000	0.213	0.213
14	  F	  1.7	  0.2	0.000	0.633	0.633
15	  W	  2.8	  0.1	0.000	0.633	0.633
16	  E	  2.8	  0.2	0.000	0.633	0.633
17	  K	  1.4	  0.2	0.000	0.633	0.633
18	  L	  1.3	  0.2	0.000	0.633	0.633
19	  F	  1.2	  0.0	0.000	0.633	0.633
20	  L	  1.0	  0.0	0.000	0.000	0.000
