res	aa	Beta	Turn	Helix	Aggregation	Conc-Stab_Aggregation
01	  M	  0.2	  0.0	0.000	0.002	0.002
02	  G	  0.2	  0.0	0.000	15.684	15.684
03	  V	  4.6	  0.0	0.000	85.355	85.355
04	  V	  7.5	  0.0	0.000	98.027	98.027
05	  S	  7.8	  0.0	0.000	98.988	98.988
06	  I	  4.8	  0.0	0.000	99.453	99.453
07	  F	  3.5	  0.0	0.000	99.460	99.460
08	  V	  8.6	  0.0	0.000	98.939	98.939
09	  I	  8.7	  0.0	0.000	91.656	91.656
10	  N	  7.0	  0.0	0.000	6.813	6.813
11	  Q	  2.1	  0.0	0.000	3.086	3.086
12	  V	  4.6	  0.0	0.000	2.929	2.929
13	  H	  6.9	  0.0	0.000	1.017	1.017
14	  Y	  7.4	  0.0	0.000	1.012	1.012
15	  I	  3.7	  0.0	0.000	0.965	0.965
16	  S	  1.2	  0.0	0.000	0.229	0.229
17	  D	  0.2	  0.0	0.000	0.000	0.000
