res	aa	Beta	Turn	Helix	Aggregation	Conc-Stab_Aggregation
01	  M	  0.3	  0.0	0.550	0.000	0.000
02	  M	  1.6	  0.0	1.476	0.000	0.000
03	  K	  2.0	  0.0	4.070	0.000	0.000
04	  L	  3.6	  0.0	4.531	82.739	82.739
05	  V	  8.0	  0.0	4.999	96.993	96.993
06	  I	 12.0	  0.0	5.709	99.739	99.739
07	  I	 12.6	  0.0	6.181	99.976	99.976
08	  L	  8.8	  0.0	6.181	99.996	99.996
09	  V	  9.9	  0.0	6.181	100.000	100.000
10	  I	  9.5	  0.0	6.181	99.998	99.998
11	  L	  8.4	  0.0	6.181	99.982	99.982
12	  L	  4.7	  0.0	6.098	99.884	99.884
13	  V	  6.0	  0.0	5.303	99.319	99.319
14	  I	 11.5	  0.0	5.137	92.428	92.428
15	  S	  9.9	  0.0	5.137	12.554	12.554
16	  L	  6.5	  0.2	2.587	2.450	2.450
17	  P	  0.1	  0.2	0.000	2.077	2.077
18	  A	  0.0	  0.2	0.000	0.000	0.000
19	  Y	  0.0	  0.2	0.000	0.000	0.000
