res	aa	Beta	Turn	Helix	Aggregation	Conc-Stab_Aggregation
01	  M	  0.1	  0.2	0.000	0.000	0.000
02	  N	  0.1	  0.8	0.000	0.000	0.000
03	  N	  0.2	  0.8	0.000	0.000	0.000
04	  G	  0.0	  0.8	0.000	0.000	0.000
05	  T	 15.6	  0.7	0.000	0.000	0.000
06	  V	 17.8	  0.0	0.000	0.000	0.000
07	  K	 17.9	  0.0	0.000	0.000	0.000
08	  W	  3.5	  0.0	0.000	0.000	0.000
09	  F	  2.0	  0.0	0.000	0.000	0.000
10	  N	  1.9	  3.1	0.149	0.000	0.000
11	  A	  1.0	  3.1	0.149	0.000	0.000
12	  N	  0.0	  3.6	0.149	0.000	0.000
13	  K	  0.0	  3.6	0.149	0.000	0.000
14	  G	  0.0	  0.8	0.149	2.222	2.222
15	  F	  0.2	  0.7	0.149	2.222	2.222
16	  G	  0.2	  0.3	0.000	2.222	2.222
17	  F	  1.0	  0.3	0.000	2.222	2.222
18	  I	  0.8	  0.0	0.000	2.222	2.222
19	  E	  0.7	  0.0	0.000	0.000	0.000
