res	aa	Beta	Turn	Helix	Aggregation	Conc-Stab_Aggregation
01	  K	  0.2	  0.1	0.000	0.000	0.000
02	  Q	  0.2	  0.3	0.000	0.000	0.000
03	  H	  0.3	  0.3	0.000	0.000	0.000
04	  G	  0.1	  0.3	0.000	0.000	0.000
05	  L	  0.8	  0.2	0.000	0.000	0.000
06	  E	  1.6	  0.0	0.000	0.000	0.000
07	  Y	  2.2	  0.1	0.190	0.000	0.000
08	  E	  1.5	  0.1	0.190	0.000	0.000
09	  E	  1.0	  0.1	0.190	0.000	0.000
10	  Q	  0.5	  0.2	0.190	0.000	0.000
11	  K	  0.6	  0.1	0.190	0.000	0.000
12	  Q	  1.3	  0.1	0.190	0.000	0.000
13	  L	  3.3	  0.1	0.000	0.000	0.000
14	  T	  4.7	  0.0	0.000	0.000	0.000
15	  L	  3.9	  0.0	0.000	0.000	0.000
16	  F	  1.6	  0.0	0.000	0.000	0.000
