res	aa	Beta	Turn	Helix	Aggregation	Conc-Stab_Aggregation
01	  T	  0.1	  0.2	0.258	0.000	0.000
02	  D	  0.1	  0.2	0.419	0.000	0.000
03	  N	  0.1	  3.8	0.419	0.000	0.000
04	  A	  0.0	  3.8	0.419	0.000	0.000
05	  D	  0.0	  3.6	0.419	0.000	0.000
06	  K	  0.6	  3.6	0.419	0.000	0.000
07	  M	  1.8	  0.0	0.280	0.000	0.000
08	  V	  6.1	  0.0	0.000	0.000	0.000
09	  H	  6.2	  0.0	0.000	0.000	0.000
10	  L	  5.2	  0.0	0.000	0.000	0.000
11	  S	  0.9	  0.0	0.000	0.000	0.000
12	  Q	  0.2	  0.0	0.000	0.000	0.000
