res	aa	Beta	Turn	Helix	Aggregation	Conc-Stab_Aggregation
01	  M	  0.0	  0.2	0.000	0.000	0.000
02	  P	  0.0	  0.2	0.000	0.000	0.000
03	  T	  2.8	  0.2	0.000	0.000	0.000
04	  T	  3.4	  0.3	0.000	0.000	0.000
05	  S	  4.7	  0.3	0.000	0.000	0.000
06	  H	  2.3	  0.3	0.000	0.000	0.000
07	  S	  3.8	  0.3	0.000	0.000	0.000
08	  F	  3.9	  0.2	0.000	0.000	0.000
09	  H	  4.8	  0.0	0.000	0.000	0.000
10	  L	  2.7	  0.0	0.000	0.000	0.000
11	  S	  1.4	  1.2	0.000	0.000	0.000
12	  P	  0.1	  1.7	0.000	0.000	0.000
13	  Q	  0.0	  1.7	0.000	0.000	0.000
14	  G	  0.0	  1.7	0.000	0.000	0.000
15	  K	  0.0	  0.5	0.000	0.000	0.000
