res	aa	Beta	Turn	Helix	Aggregation	Conc-Stab_Aggregation
01	  M	  0.1	  0.0	0.000	0.000	0.000
02	  K	  0.3	  0.0	0.000	0.000	0.000
03	  K	  2.8	  0.0	0.000	0.000	0.000
04	  I	  7.8	  0.0	0.000	0.000	0.000
05	  K	  9.9	  0.0	0.000	0.000	0.000
06	  I	  8.0	  0.0	0.000	0.000	0.000
07	  V	  3.0	  0.0	0.106	0.000	0.000
08	  P	  0.5	  0.0	0.792	1.041	1.041
09	  L	  1.0	  0.0	0.792	84.158	84.158
10	  I	  2.5	  0.0	0.792	98.544	98.544
11	  L	  3.6	  0.0	0.792	99.786	99.786
12	  I	 10.1	  0.0	0.792	99.992	99.992
13	  V	 19.1	  0.0	0.792	99.999	99.999
14	  V	 27.9	  0.0	0.792	99.972	99.972
15	  V	 21.8	  0.1	0.792	99.590	99.590
16	  V	 11.6	  0.1	0.792	94.888	94.888
17	  G	  0.9	  0.2	0.792	37.553	37.553
18	  F	  0.3	  0.2	0.171	32.360	32.360
19	  G	  0.2	  0.1	0.000	5.936	5.936
20	  I	  0.2	  0.1	0.000	0.003	0.003
