res	aa	Beta	Turn	Helix	Aggregation	Conc-Stab_Aggregation
01	  M	  0.7	  0.1	0.000	0.000	0.000
02	  R	  0.9	  0.2	0.000	0.000	0.000
03	  S	  1.0	  0.3	0.000	0.000	0.000
04	  S	  0.6	  0.3	0.102	0.000	0.000
05	  K	  0.7	  0.2	0.102	0.000	0.000
06	  Y	  1.5	  0.1	0.102	73.938	73.938
07	  Y	  1.9	  0.0	0.102	91.832	91.832
08	  L	  2.4	  0.0	0.102	91.832	91.832
09	  L	  3.2	  0.0	0.102	91.832	91.832
10	  V	  8.1	  0.0	0.102	91.832	91.832
11	  V	  7.9	  0.0	0.102	86.242	86.242
12	  K	  6.2	  0.0	0.102	0.000	0.000
13	  P	  0.6	  0.0	0.000	0.000	0.000
14	  T	  0.0	  0.0	0.000	0.000	0.000
