res	aa	Beta	Turn	Helix	Aggregation	Conc-Stab_Aggregation
01	  M	  1.5	  0.0	0.000	0.000	0.000
02	  H	  3.0	  0.0	0.000	0.000	0.000
03	  V	  3.6	  0.1	0.000	0.000	0.000
04	  T	  2.2	  0.1	0.251	0.000	0.000
05	  G	  0.7	  0.2	1.296	0.000	0.000
06	  Q	  0.6	  0.2	1.296	0.000	0.000
07	  C	  2.8	  0.1	1.296	0.000	0.000
08	  L	  2.9	  0.2	1.296	0.000	0.000
09	  K	  2.4	  0.2	1.296	0.000	0.000
10	  N	  0.2	  0.2	1.296	0.000	0.000
11	  R	  1.4	  0.2	0.409	0.000	0.000
12	  H	  2.8	  0.0	0.132	0.000	0.000
13	  W	  3.4	  0.0	0.000	16.771	16.771
14	  F	  2.7	  0.0	0.000	18.026	18.026
15	  L	  1.3	  0.0	0.000	18.026	18.026
16	  E	  0.8	  0.0	0.000	18.026	18.026
17	  K	  1.6	  0.0	0.000	18.026	18.026
18	  I	  7.3	  0.0	0.000	18.026	18.026
19	  I	  7.3	  0.0	0.000	17.461	17.461
20	  L	  5.9	  0.0	0.000	0.000	0.000
