res	aa	Beta	Turn	Helix	Aggregation	Conc-Stab_Aggregation
01	  I	  4.8	  0.0	0.000	0.000	0.000
02	  V	  5.9	  0.1	0.000	0.000	0.000
03	  R	  6.0	  0.3	0.000	0.000	0.000
04	  R	  1.3	  0.4	0.000	0.000	0.000
05	  G	  0.2	  0.4	0.000	0.000	0.000
06	  C	  8.9	  0.3	0.000	0.000	0.000
07	  C	  9.1	  0.1	0.000	0.000	0.000
08	  S	  9.0	  0.0	0.000	0.000	0.000
09	  D	  0.2	  0.8	0.680	0.000	0.000
10	  P	  0.0	  0.9	0.680	0.000	0.000
11	  R	  0.5	  0.9	0.680	0.000	0.000
12	  C	  0.7	  0.9	0.680	0.000	0.000
13	  A	  1.0	  0.0	0.680	0.000	0.000
14	  W	  5.3	  0.1	0.680	0.000	0.000
15	  R	  5.4	  0.1	0.275	0.000	0.000
16	  C	  5.1	  0.1	0.000	0.000	0.000
17	  G	  0.4	  0.1	0.000	0.000	0.000
