res	aa	Beta	Turn	Helix	Aggregation	Conc-Stab_Aggregation
01	  M	  1.3	  0.0	0.000	0.000	0.000
02	  R	  2.2	  0.0	0.000	0.000	0.000
03	  W	  2.8	  0.1	0.000	0.000	0.000
04	  Q	  1.6	  0.1	0.000	0.000	0.000
05	  E	  0.7	  0.1	0.000	0.000	0.000
06	  M	  0.3	  0.1	0.000	1.908	1.908
07	  G	  0.2	  0.0	0.000	2.093	2.093
08	  Y	  0.9	  0.0	0.000	2.228	2.228
09	  I	  2.4	  0.0	0.000	2.228	2.228
10	  F	  2.5	  0.0	0.000	2.228	2.228
11	  Y	  1.9	  0.2	0.000	0.549	0.549
12	  P	  0.2	  0.2	0.000	0.136	0.136
13	  R	  0.3	  0.3	0.000	0.000	0.000
14	  K	  0.8	  0.3	0.000	0.000	0.000
15	  L	  0.8	  0.1	0.000	0.000	0.000
16	  R	  0.5	  0.0	0.000	0.000	0.000
