res	aa	Beta	Turn	Helix	Aggregation	Conc-Stab_Aggregation
01	  V	  2.5	  0.0	0.000	0.000	0.000
02	  N	  3.0	  0.0	0.700	0.000	0.000
03	  W	  3.2	  0.1	0.700	0.000	0.000
04	  K	  0.9	  0.1	0.700	0.000	0.000
05	  K	  0.9	  0.1	0.700	0.000	0.000
06	  I	  1.8	  0.1	0.700	0.000	0.000
07	  L	  1.7	  0.0	0.700	0.000	0.000
08	  G	  1.2	  0.0	0.700	0.000	0.000
09	  K	  1.4	  0.0	0.271	0.000	0.000
10	  I	  3.0	  0.0	0.000	0.000	0.000
11	  I	 10.6	  0.0	0.000	0.000	0.000
12	  K	 11.0	  0.0	0.000	0.000	0.000
13	  V	 11.1	  0.0	0.000	0.000	0.000
14	  V	  3.7	  0.0	0.000	0.000	0.000
15	  K	  1.8	  0.0	0.000	0.000	0.000
