res	aa	Beta	Turn	Helix	Aggregation	Conc-Stab_Aggregation
01	  M	  0.4	  0.2	0.000	0.002	0.002
02	  G	  0.4	  0.2	0.000	15.589	15.589
03	  I	  1.5	  0.2	0.000	84.811	84.811
04	  F	  4.2	  0.2	0.000	97.767	97.767
05	  S	  4.4	  0.0	0.092	98.600	98.600
06	  I	  4.7	  0.0	0.092	98.859	98.859
07	  F	  3.7	  0.0	0.092	98.842	98.842
08	  V	  8.7	  0.0	0.092	97.662	97.662
09	  I	  7.7	  0.0	0.092	81.189	81.189
10	  N	  5.8	  0.0	0.092	3.405	3.405
11	  K	  2.1	  0.0	0.092	0.000	0.000
12	  V	  5.7	  0.0	0.000	0.000	0.000
13	  H	  8.1	  0.0	0.000	0.000	0.000
14	  Y	  7.4	  0.0	0.000	0.000	0.000
15	  I	  3.5	  0.1	0.000	0.000	0.000
16	  S	  1.0	  0.2	0.000	0.000	0.000
17	  N	  0.3	  0.7	0.000	0.000	0.000
18	  L	  1.6	  0.6	0.000	0.000	0.000
19	  N	  1.6	  0.5	0.000	0.000	0.000
20	  Y	  1.3	  0.5	0.000	0.000	0.000
