res	aa	Beta	Turn	Helix	Aggregation	Conc-Stab_Aggregation
01	  M	  0.5	  0.0	0.000	0.000	0.000
02	  C	  1.2	  0.2	0.000	2.091	2.091
03	  S	  1.3	  0.2	0.000	4.560	4.560
04	  S	  1.1	  0.2	0.000	8.905	8.905
05	  I	  3.8	  0.2	0.000	8.905	8.905
06	  A	  4.3	  0.0	0.000	8.905	8.905
07	  V	  7.6	  0.1	0.000	8.905	8.905
08	  V	  6.1	  0.1	0.000	8.557	8.557
09	  D	  5.8	  0.7	0.000	0.000	0.000
10	  Y	  3.5	  0.8	0.000	0.000	0.000
11	  N	  2.6	  0.7	0.000	0.000	0.000
12	  S	  4.4	  0.7	0.000	0.000	0.000
13	  F	  4.5	  0.0	0.000	0.000	0.000
14	  H	  3.6	  0.0	0.000	0.000	0.000
15	  S	  1.4	  0.0	0.000	0.000	0.000
