res	aa	Beta	Turn	Helix	Aggregation	Conc-Stab_Aggregation
01	  M	  0.9	  0.0	0.000	0.000	0.000
02	  V	  4.4	  0.0	0.000	5.871	5.871
03	  S	  4.6	  0.2	0.000	5.871	5.871
04	  I	  3.9	  0.2	0.000	5.871	5.871
05	  G	  0.5	  0.2	0.000	5.871	5.871
06	  F	  0.9	  0.2	0.000	5.871	5.871
07	  E	  0.8	  0.0	0.000	0.000	0.000
08	  P	  0.6	  0.0	0.000	0.000	0.000
09	  M	  0.2	  0.0	0.000	0.000	0.000
10	  T	  0.2	  0.2	0.000	0.000	0.000
11	  P	  0.2	  0.3	0.000	0.000	0.000
12	  R	  0.2	  0.4	0.000	0.000	0.000
13	  A	  0.7	  0.4	0.000	0.000	0.000
14	  S	  0.7	  0.1	0.000	0.000	0.000
15	  I	  0.5	  0.1	0.000	0.000	0.000
