res	aa	Beta	Turn	Helix	Aggregation	Conc-Stab_Aggregation
01	  M	  1.7	  0.0	0.000	0.000	0.000
02	  K	  3.5	  0.0	0.000	0.000	0.000
03	  L	  3.6	  0.1	0.000	0.000	0.000
04	  T	  2.9	  0.1	0.000	0.000	0.000
05	  R	  2.2	  0.0	0.000	0.000	0.000
06	  F	  3.3	  0.0	0.000	92.714	92.714
07	  F	  4.1	  0.0	0.000	99.875	99.875
08	  F	  3.7	  0.0	0.000	99.990	99.990
09	  A	  2.7	  0.0	0.000	99.997	99.997
10	  F	  2.4	  0.0	0.000	99.999	99.999
11	  F	  2.7	  0.0	0.000	99.991	99.991
12	  F	  3.4	  0.0	0.000	99.885	99.885
13	  I	  2.2	  0.0	0.000	98.476	98.476
14	  F	  1.2	  0.0	0.000	16.694	16.694
15	  P	  0.1	  0.0	0.000	0.000	0.000
