res	aa	Beta	Turn	Helix	Aggregation	Conc-Stab_Aggregation
01	  I	  1.6	  0.0	0.000	0.126	0.126
02	  L	  2.2	  0.0	0.000	7.016	7.016
03	  F	  3.6	  0.0	0.000	7.400	7.400
04	  I	  2.3	  0.0	0.000	7.400	7.400
05	  C	  1.9	  0.1	0.000	7.400	7.400
06	  K	  0.9	  0.1	0.000	7.274	7.274
07	  E	  2.5	  0.1	0.000	7.274	7.274
08	  V	  5.5	  0.1	0.000	7.274	7.274
09	  F	  5.2	  0.0	0.000	6.848	6.848
10	  Y	  3.4	  0.9	0.000	0.892	0.892
11	  P	  0.2	  1.0	0.000	0.398	0.398
12	  D	  0.1	  1.2	0.117	0.000	0.000
13	  S	  0.7	  2.8	0.320	0.000	0.000
14	  K	  0.7	  2.0	0.320	0.000	0.000
15	  N	  0.9	  2.7	0.320	0.000	0.000
16	  L	  0.5	  2.5	0.320	0.000	0.000
17	  N	  0.6	  2.7	0.320	0.000	0.000
18	  Q	  0.5	  2.7	0.320	0.000	0.000
19	  N	  0.3	  1.8	0.000	0.000	0.000
20	  K	  0.2	  1.8	0.000	0.000	0.000
