res	aa	Beta	Turn	Helix	Aggregation	Conc-Stab_Aggregation
01	  M	  0.4	  0.0	0.000	0.000	0.000
02	  G	  0.5	  0.0	0.000	14.701	14.701
03	  I	  2.6	  0.1	0.000	79.204	79.204
04	  I	  3.3	  0.1	0.000	80.517	80.517
05	  S	  3.3	  0.2	0.000	80.628	80.628
06	  G	  1.3	  0.2	0.305	81.518	81.518
07	  I	  0.9	  0.1	0.305	91.357	91.357
08	  I	  3.5	  0.1	0.305	92.154	92.154
09	  D	  3.6	  0.0	1.978	91.627	91.627
10	  L	  3.3	  0.0	1.978	96.533	96.533
11	  V	  3.6	  0.0	1.978	97.388	97.388
12	  K	  3.8	  0.0	1.978	97.404	97.404
13	  F	  4.6	  0.0	1.780	97.401	97.401
14	  I	  2.4	  0.0	1.673	97.043	97.043
15	  I	  4.6	  0.0	1.673	89.890	89.890
16	  D	  3.6	  0.0	1.673	6.671	6.671
17	  L	  3.2	  0.0	1.361	6.594	6.594
18	  T	  2.5	  0.0	0.836	4.154	4.154
19	  K	  2.3	  0.0	0.836	0.894	0.894
20	  K	  1.9	  0.0	0.260	0.000	0.000
