res	aa	Beta	Turn	Helix	Aggregation	Conc-Stab_Aggregation
01	  L	  0.1	  0.0	0.000	0.000	0.000
02	  F	  0.5	  0.4	0.000	0.874	0.874
03	  G	  0.8	  0.4	0.000	0.874	0.874
04	  I	  4.8	  0.4	0.000	0.874	0.874
05	  T	  5.0	  0.4	0.000	0.874	0.874
06	  A	  4.8	  0.0	0.000	0.874	0.874
07	  C	  1.3	  0.2	0.000	0.345	0.345
08	  S	  1.6	  0.9	0.000	0.179	0.179
09	  S	  1.6	  0.9	0.000	0.179	0.179
10	  S	  1.6	  0.9	0.000	0.179	0.179
11	  I	  4.0	  0.6	0.000	0.179	0.179
12	  H	  6.3	  0.0	0.000	0.179	0.179
13	  F	  6.4	  0.0	0.000	0.179	0.179
14	  I	  3.3	  0.0	0.000	0.179	0.179
15	  N	  0.8	  0.0	0.000	0.000	0.000
