res	aa	Beta	Turn	Helix	Aggregation	Conc-Stab_Aggregation
01	  M	  1.6	  0.0	0.000	0.000	0.000
02	  I	  1.9	  0.0	0.000	0.000	0.000
03	  A	  1.9	  0.0	0.000	0.000	0.000
04	  P	  0.3	  0.0	0.000	0.000	0.000
05	  V	  4.2	  0.0	0.000	0.000	0.000
06	  I	  5.4	  0.2	0.000	0.000	0.000
07	  S	  5.5	  0.7	0.000	0.000	0.000
08	  G	  1.4	  0.7	0.000	0.000	0.000
09	  C	  0.9	  0.7	0.000	0.000	0.000
10	  A	  0.9	  0.5	0.000	0.000	0.000
11	  M	  0.8	  0.0	0.000	0.000	0.000
12	  A	  0.1	  0.0	0.000	0.000	0.000
