res	aa	Beta	Turn	Helix	Aggregation	Conc-Stab_Aggregation
01	  M	  1.4	  0.0	0.000	0.000	0.000
02	  D	  1.8	  0.0	0.187	0.000	0.000
03	  F	  2.4	  0.1	0.187	0.000	0.000
04	  K	  1.5	  0.1	0.299	0.000	0.000
05	  E	  5.4	  0.1	0.299	0.000	0.000
06	  V	  8.7	  0.1	0.299	0.000	0.000
07	  D	  9.1	  0.2	0.299	0.000	0.000
08	  I	 12.1	  0.2	0.299	0.000	0.000
09	  N	 10.5	  0.2	0.564	0.000	0.000
10	  I	  9.9	  0.2	0.265	0.000	0.000
11	  E	  3.1	  0.0	0.265	0.000	0.000
12	  E	  0.7	  0.0	0.265	0.000	0.000
13	  W	  0.9	  0.1	0.265	0.000	0.000
14	  E	  0.9	  0.3	0.265	0.000	0.000
15	  E	  0.4	  0.3	0.109	0.000	0.000
16	  D	  0.1	  0.3	0.000	0.000	0.000
17	  S	  0.0	  0.2	0.000	0.000	0.000
18	  L	  0.0	  0.1	0.000	0.000	0.000
