res	aa	Beta	Turn	Helix	Aggregation	Conc-Stab_Aggregation
01	  M	  0.9	  0.0	0.000	0.000	0.000
02	  Y	  1.6	  0.0	0.000	0.000	0.000
03	  L	  1.8	  0.1	0.000	0.000	0.000
04	  Q	  1.1	  0.1	0.000	0.000	0.000
05	  N	  1.5	  0.1	0.000	0.000	0.000
06	  T	 12.6	  0.1	0.000	0.000	0.000
07	  I	 17.1	  0.1	0.000	0.000	0.000
08	  K	 16.1	  0.1	0.000	0.000	0.000
09	  L	  5.4	  0.2	0.000	0.915	0.915
10	  G	  0.1	  0.3	0.000	1.074	1.074
11	  T	  0.5	  0.2	0.000	1.074	1.074
12	  S	  0.8	  0.2	0.000	1.074	1.074
13	  L	  1.9	  0.1	0.000	1.074	1.074
14	  I	  1.5	  0.0	0.000	1.074	1.074
15	  Y	  1.1	  0.0	0.000	0.000	0.000
