res	aa	Beta	Turn	Helix	Aggregation	Conc-Stab_Aggregation
01	  V	  2.8	  0.0	0.000	0.000	0.000
02	  V	  5.9	  0.0	0.000	0.000	0.000
03	  K	  6.1	  0.0	0.000	0.000	0.000
04	  F	  3.7	  0.1	0.000	0.000	0.000
05	  L	  0.6	  0.2	0.000	0.000	0.000
06	  G	  0.4	  0.2	0.000	0.000	0.000
07	  A	  0.1	  0.2	0.000	0.000	0.000
08	  V	  0.1	  0.0	0.000	0.000	0.000
09	  P	  0.1	  0.0	0.000	0.000	0.000
10	  V	  1.6	  0.0	0.000	4.458	4.458
11	  L	  2.3	  0.0	0.000	4.458	4.458
12	  T	  3.1	  0.0	0.000	4.458	4.458
13	  A	  1.8	  0.0	0.000	4.458	4.458
14	  V	  5.8	  0.0	0.000	4.458	4.458
15	  D	  5.0	  0.0	0.000	0.000	0.000
16	  V	  4.8	  0.0	0.000	0.000	0.000
