res	aa	Beta	Turn	Helix	Aggregation	Conc-Stab_Aggregation
01	  A	  0.0	  0.2	0.000	0.000	0.000
02	  D	  0.0	  0.3	0.000	0.000	0.000
03	  D	  0.0	  0.3	0.000	0.000	0.000
04	  K	  0.0	  0.3	0.000	0.000	0.000
05	  N	  0.0	  0.4	0.857	0.000	0.000
06	  P	  0.0	  0.3	0.857	0.000	0.000
07	  L	  0.0	  0.4	0.857	0.000	0.000
08	  E	  0.0	  0.4	0.857	0.000	0.000
09	  E	  0.5	  0.1	0.857	0.000	0.000
10	  C	  3.6	  0.1	0.857	0.000	0.000
11	  F	  6.7	  0.0	0.266	0.000	0.000
12	  C	  6.8	  0.8	0.000	0.000	0.000
13	  E	  3.7	  0.9	0.000	0.000	0.000
14	  D	  0.5	  2.1	0.000	0.000	0.000
15	  D	  0.1	  2.3	0.000	0.000	0.000
16	  D	  0.5	  1.5	0.000	0.000	0.000
17	  Y	  3.8	  1.4	0.000	0.000	0.000
18	  C	  4.3	  0.2	0.000	0.000	0.000
19	  E	  3.8	  0.0	0.000	0.000	0.000
20	  G	  0.6	  0.0	0.000	0.000	0.000
