res	aa	Beta	Turn	Helix	Aggregation	Conc-Stab_Aggregation
01	  S	  9.9	  0.0	0.089	0.000	0.000
02	  C	 29.7	  0.0	0.089	0.000	0.000
03	  C	 30.1	  0.1	0.089	0.000	0.000
04	  A	 21.0	  0.1	0.089	0.000	0.000
05	  R	  0.9	  0.1	0.089	0.000	0.000
06	  N	  0.1	  0.4	0.181	0.000	0.000
07	  P	  0.0	  0.3	0.092	0.000	0.000
08	  A	  0.2	  0.3	0.092	0.000	0.000
09	  C	  1.4	  0.4	0.092	0.000	0.000
10	  R	  2.6	  0.2	0.092	0.000	0.000
11	  H	  2.6	  0.2	0.092	0.000	0.000
12	  N	  1.5	  0.2	0.000	0.000	0.000
13	  H	  0.2	  0.3	0.000	0.000	0.000
14	  P	  0.0	  0.2	0.000	0.000	0.000
15	  C	  0.0	  0.2	0.000	0.000	0.000
16	  V	  0.0	  0.2	0.000	0.000	0.000
