res	aa	Beta	Turn	Helix	Aggregation	Conc-Stab_Aggregation
01	  M	  0.1	  0.0	0.000	0.000	0.000
02	  K	  0.3	  0.0	0.000	0.000	0.000
03	  K	  1.8	  0.0	0.000	0.000	0.000
04	  I	  4.4	  0.0	0.000	0.000	0.000
05	  V	  7.0	  0.1	0.000	0.000	0.000
06	  K	  5.6	  0.1	0.000	0.000	0.000
07	  S	  3.0	  0.1	0.000	3.600	3.600
08	  S	  1.1	  0.1	0.702	32.348	32.348
09	  V	  3.6	  0.1	0.702	88.193	88.193
10	  V	  5.9	  0.0	0.702	92.791	92.791
11	  T	  5.4	  0.0	2.169	93.170	93.170
12	  S	  3.1	  0.0	3.549	93.793	93.793
13	  I	  3.0	  0.0	3.549	98.562	98.562
14	  A	  2.9	  0.0	3.662	98.789	98.789
15	  L	  3.5	  0.0	3.662	98.798	98.798
16	  L	  2.0	  0.0	3.662	98.339	98.339
17	  L	  2.1	  0.0	3.329	95.663	95.663
18	  L	  1.6	  0.0	2.701	78.980	78.980
19	  S	  0.7	  0.0	1.530	18.861	18.861
20	  N	  0.3	  0.0	0.000	0.000	0.000
