res	aa	Beta	Turn	Helix	Aggregation	Conc-Stab_Aggregation
01	  M	  0.1	  0.1	0.000	0.000	0.000
02	  D	  0.1	  0.2	0.000	0.000	0.000
03	  N	  0.5	  0.2	0.000	0.000	0.000
04	  T	  1.5	  0.2	0.000	0.000	0.000
05	  T	  1.8	  0.1	0.000	0.000	0.000
06	  I	  1.4	  0.7	0.000	0.000	0.000
07	  G	  0.4	  0.7	0.000	0.000	0.000
08	  N	  1.3	  1.2	0.092	0.000	0.000
09	  I	  1.5	  1.2	0.092	0.000	0.000
10	  D	  1.6	  0.5	1.249	0.000	0.000
11	  K	  4.0	  0.5	1.249	0.000	0.000
12	  I	  6.1	  0.0	1.249	0.000	0.000
13	  E	  6.0	  0.0	1.249	0.000	0.000
14	  L	  2.8	  0.0	1.249	0.669	0.669
15	  I	  4.7	  0.0	1.249	0.669	0.669
16	  S	  9.4	  0.2	1.249	0.669	0.669
17	  V	 10.1	  0.2	0.296	0.669	0.669
18	  N	  6.6	  0.2	0.296	0.669	0.669
19	  T	  1.6	  0.2	0.000	0.403	0.403
20	  K	  0.4	  0.0	0.000	0.000	0.000
