res	aa	Beta	Turn	Helix	Aggregation	Conc-Stab_Aggregation
01	  M	  0.3	  0.0	0.000	0.000	0.000
02	  L	  0.3	  0.4	0.000	0.000	0.000
03	  K	  0.4	  0.4	0.000	0.000	0.000
04	  G	  0.1	  0.4	0.000	3.376	3.376
05	  I	  1.1	  0.4	0.000	40.405	40.405
06	  L	  1.1	  0.0	0.000	47.963	47.963
07	  G	  1.2	  0.0	0.107	49.265	49.265
08	  Y	  6.4	  0.0	0.107	63.615	63.615
09	  S	  7.2	  0.0	0.643	67.377	67.377
10	  F	  8.2	  0.0	0.643	97.259	97.259
11	  W	  2.7	  0.0	0.643	99.525	99.525
12	  A	  2.0	  0.0	0.643	99.577	99.577
13	  C	  1.8	  0.0	0.643	99.537	99.537
14	  F	  2.0	  0.0	0.643	99.501	99.501
15	  W	  1.9	  0.3	0.643	98.812	98.812
16	  F	  1.2	  0.5	0.507	84.804	84.804
17	  G	  0.3	  0.5	0.110	7.404	7.404
18	  K	  1.6	  0.5	0.000	0.000	0.000
19	  C	  1.5	  0.3	0.000	0.000	0.000
20	  K	  1.5	  0.1	0.000	0.000	0.000
