res	aa	Beta	Turn	Helix	Aggregation	Conc-Stab_Aggregation
01	  M	  1.5	  0.0	0.000	0.000	0.000
02	  V	  2.1	  0.0	0.000	0.000	0.000
03	  K	  2.1	  0.1	0.000	0.000	0.000
04	  P	  0.6	  0.2	0.135	0.000	0.000
05	  R	  0.4	  0.2	0.135	0.000	0.000
06	  Q	  0.7	  0.3	0.135	0.000	0.000
07	  R	  0.9	  0.1	0.135	0.000	0.000
08	  E	  0.5	  0.1	0.135	0.000	0.000
09	  Y	  0.3	  0.6	0.135	0.000	0.000
10	  P	  0.1	  0.6	0.000	0.000	0.000
11	  T	  3.0	  0.6	0.000	0.000	0.000
12	  L	  3.3	  0.7	0.000	0.000	0.000
13	  K	  3.4	  0.2	0.000	0.000	0.000
14	  S	  0.5	  0.3	0.000	0.000	0.000
15	  S	  3.0	  0.8	0.000	0.000	0.000
16	  L	  4.9	  0.7	0.000	0.000	0.000
17	  N	  4.8	  0.6	0.000	0.000	0.000
18	  I	  2.0	  0.5	0.000	0.000	0.000
