res	aa	Beta	Turn	Helix	Aggregation	Conc-Stab_Aggregation
01	  M	  0.2	  0.0	0.212	0.000	0.000
02	  M	  1.9	  0.0	0.790	0.000	0.000
03	  K	  3.4	  0.0	1.979	0.000	0.000
04	  V	  9.3	  0.0	2.425	90.976	90.976
05	  V	 13.2	  0.0	2.879	98.428	98.428
06	  I	 16.0	  0.0	3.569	99.863	99.863
07	  I	 12.5	  0.0	4.030	99.987	99.987
08	  L	  8.6	  0.0	4.030	99.998	99.998
09	  V	  9.9	  0.0	4.030	100.000	100.000
10	  I	  9.6	  0.0	4.030	99.998	99.998
11	  L	  8.5	  0.0	4.030	99.982	99.982
12	  L	  4.8	  0.0	4.030	99.884	99.884
13	  V	  6.2	  0.0	3.634	99.319	99.319
14	  I	 11.8	  0.0	3.555	92.431	92.431
15	  S	 10.1	  0.0	3.555	12.581	12.581
16	  L	  6.7	  0.2	1.791	2.477	2.477
17	  P	  0.1	  0.2	0.000	2.104	2.104
18	  A	  0.0	  0.2	0.000	0.000	0.000
19	  Y	  0.0	  0.2	0.000	0.000	0.000
