res	aa	Beta	Turn	Helix	Aggregation	Conc-Stab_Aggregation
01	  A	  0.4	  0.0	0.000	0.000	0.000
02	  I	  0.8	  0.1	0.000	0.000	0.000
03	  K	  0.9	  0.1	0.000	0.000	0.000
04	  K	  3.9	  0.1	1.381	0.000	0.000
05	  Y	  4.1	  0.1	1.381	0.000	0.000
06	  E	  4.2	  0.1	1.899	0.000	0.000
07	  E	  1.0	  0.3	2.007	0.000	0.000
08	  K	  0.5	  0.3	2.007	0.000	0.000
09	  N	  0.3	  0.3	2.007	0.000	0.000
10	  K	  0.2	  0.4	1.780	0.000	0.000
11	  K	  0.2	  0.3	1.412	0.000	0.000
12	  S	  0.5	  0.4	0.610	0.000	0.000
13	  S	  0.5	  0.3	0.000	0.000	0.000
14	  R	  0.9	  0.2	0.000	0.000	0.000
15	  L	  1.3	  0.1	0.000	0.000	0.000
16	  F	  1.9	  0.1	0.000	0.000	0.000
17	  I	  2.7	  0.0	0.000	0.000	0.000
18	  F	  3.8	  0.0	0.000	0.000	0.000
19	  R	  3.1	  0.0	0.000	0.000	0.000
20	  K	  1.7	  0.0	0.000	0.000	0.000
