res	aa	Beta	Turn	Helix	Aggregation	Conc-Stab_Aggregation
01	  M	  0.1	  0.0	0.000	0.000	0.000
02	  K	  0.3	  0.0	0.000	0.000	0.000
03	  K	  2.8	  0.0	0.000	0.000	0.000
04	  I	  7.9	  0.0	0.000	0.000	0.000
05	  K	 10.0	  0.0	0.000	0.000	0.000
06	  I	  8.1	  0.0	0.000	0.000	0.000
07	  V	  3.1	  0.0	0.000	0.000	0.000
08	  P	  0.5	  0.0	0.000	1.062	1.062
09	  L	  1.0	  0.0	0.000	85.590	85.590
10	  I	  2.7	  0.0	0.000	99.801	99.801
11	  L	  3.9	  0.0	0.000	99.801	99.801
12	  I	 11.3	  0.0	0.000	99.801	99.801
13	  V	 23.2	  0.0	0.000	99.794	99.794
14	  V	 22.0	  0.0	0.000	97.051	97.051
15	  V	 14.4	  0.0	0.000	0.044	0.044
