res	aa	Beta	Turn	Helix	Aggregation	Conc-Stab_Aggregation
01	  M	  0.4	  0.0	0.000	0.000	0.000
02	  I	 15.2	  0.0	0.000	0.047	0.047
03	  T	 26.9	  0.0	0.198	0.047	0.047
04	  Y	 26.9	  0.3	0.198	0.047	0.047
05	  K	 13.3	  0.3	0.198	0.047	0.047
06	  N	  0.9	  0.3	0.198	3.925	3.925
07	  I	  2.1	  0.3	0.198	92.451	92.451
08	  L	  2.4	  0.0	0.198	92.451	92.451
09	  I	  5.8	  0.0	0.198	92.451	92.451
10	  A	  4.3	  0.2	0.198	92.451	92.451
11	  V	  3.9	  0.4	0.109	92.156	92.156
12	  D	  0.5	  1.0	0.109	0.047	0.047
13	  G	  0.2	  1.0	0.000	0.000	0.000
14	  S	  0.7	  0.9	0.000	0.000	0.000
15	  H	  0.9	  0.8	0.000	0.000	0.000
16	  E	  0.9	  0.2	0.000	0.000	0.000
17	  A	  0.3	  0.1	0.000	0.000	0.000
18	  E	  0.4	  0.1	0.000	0.000	0.000
19	  W	  0.3	  0.0	0.000	0.000	0.000
20	  A	  0.2	  0.0	0.000	0.000	0.000
