res	aa	Beta	Turn	Helix	Aggregation	Conc-Stab_Aggregation
01	  M	  0.1	  0.2	0.000	0.009	0.009
02	  A	  0.9	  0.2	0.000	61.724	61.724
03	  T	  3.2	  0.2	0.000	89.852	89.852
04	  F	  3.8	  0.2	0.000	92.232	92.232
05	  I	  3.9	  0.0	0.000	92.410	92.410
06	  F	  2.8	  0.0	0.000	92.410	92.410
07	  Y	  2.8	  0.1	0.000	90.135	90.135
08	  K	  2.0	  0.1	0.000	19.070	19.070
09	  E	  1.3	  0.1	0.000	19.070	19.070
10	  Y	  2.0	  0.1	0.000	18.959	18.959
11	  F	  4.1	  0.0	0.000	18.517	18.517
12	  Y	  5.3	  0.0	0.000	7.447	7.447
13	  E	  3.9	  0.0	0.000	0.000	0.000
14	  E	  1.6	  0.0	0.000	0.000	0.000
