res	aa	Beta	Turn	Helix	Aggregation	Conc-Stab_Aggregation
01	  I	  0.3	  0.2	0.000	0.000	0.000
02	  K	  0.3	  0.2	0.000	0.000	0.000
03	  N	  0.3	  0.2	0.000	0.000	0.000
04	  N	  0.1	  0.7	0.116	0.000	0.000
05	  P	  0.0	  0.6	0.116	0.000	0.000
06	  Q	  0.2	  0.7	0.116	0.000	0.000
07	  K	  0.5	  0.7	0.116	0.000	0.000
08	  T	  0.6	  0.1	0.116	0.000	0.000
09	  N	  0.3	  0.1	0.244	0.000	0.000
10	  P	  0.0	  0.0	0.128	0.000	0.000
11	  F	  0.8	  0.0	0.128	0.000	0.000
12	  L	  2.2	  0.0	0.128	0.000	0.000
13	  K	  2.7	  0.0	0.128	0.000	0.000
14	  L	  2.0	  0.0	0.128	0.000	0.000
15	  H	  0.7	  0.7	0.128	0.000	0.000
16	  E	  0.3	  0.7	0.000	0.000	0.000
17	  N	  0.2	  0.8	0.000	0.000	0.000
18	  K	  0.2	  0.8	0.000	0.000	0.000
19	  K	  0.1	  0.1	0.000	0.000	0.000
20	  S	  0.1	  0.1	0.000	0.000	0.000
