res	aa	Beta	Turn	Helix	Aggregation	Conc-Stab_Aggregation
01	  M	  0.4	  0.2	0.000	0.002	0.002
02	  G	  0.4	  0.2	0.000	16.889	16.889
03	  I	  1.5	  0.2	0.000	91.317	91.317
04	  F	  4.2	  0.2	0.000	98.591	98.591
05	  S	  4.4	  0.0	0.000	99.111	99.111
06	  I	  4.7	  0.0	0.000	99.707	99.707
07	  F	  3.5	  0.0	0.000	99.742	99.742
08	  V	  8.5	  0.0	0.000	99.469	99.469
09	  I	  9.0	  0.0	0.000	95.595	95.595
10	  N	  7.9	  0.0	0.000	50.175	50.175
11	  T	  6.9	  0.1	0.000	48.177	48.177
12	  V	  6.8	  0.1	0.000	44.517	44.517
13	  D	  7.0	  0.1	0.000	0.000	0.000
14	  Y	  3.3	  0.1	0.000	0.000	0.000
15	  Q	  1.5	  0.7	0.000	0.000	0.000
16	  P	  0.4	  0.7	0.000	0.000	0.000
17	  N	  0.1	  0.7	0.000	0.000	0.000
18	  K	  0.0	  0.7	0.000	0.000	0.000
19	  K	  0.0	  0.0	0.000	0.000	0.000
