res	aa	Beta	Turn	Helix	Aggregation	Conc-Stab_Aggregation
01	  M	  0.1	  0.0	0.000	0.000	0.000
02	  A	  0.2	  0.0	0.000	0.000	0.000
03	  T	  0.7	  0.0	0.000	0.000	0.000
04	  A	  0.7	  0.0	0.000	0.000	0.000
05	  H	  0.9	  0.0	0.000	0.000	0.000
06	  S	  7.7	  0.0	0.838	0.000	0.000
07	  Y	 12.3	  0.0	0.838	0.000	0.000
08	  T	 13.0	  0.0	0.838	0.000	0.000
09	  A	  6.0	  0.0	0.838	0.000	0.000
10	  K	  1.9	  0.1	0.838	0.000	0.000
11	  Y	  1.2	  7.2	0.838	0.000	0.000
12	  N	  1.1	  7.2	0.599	0.000	0.000
13	  G	  0.6	  7.2	0.132	0.000	0.000
14	  Y	  5.1	  7.1	0.000	0.000	0.000
15	  T	  5.5	  0.0	0.000	0.000	0.000
16	  A	  5.4	  0.0	0.000	0.000	0.000
17	  N	  0.4	  0.0	0.000	0.000	0.000
