Do you want a prediction per residue?. If yes type Y. Default, N
Type the name of the file with the peptide names, conditions and sequence in one letter code and press Enter
Ficher = A0A075Q6H5
Nterm = N
Cterm = N
pH = 7
temperatura = 298
ionic = 0.1
Stability = 0
Concentration = 1
aminoacido = VYRAFKIMRGEAYHK
1 peptides run, last one A0A075Q6H5 N N 7.00 298.00 0.10 VYRAFKIMRGEAYHK
1 6 0 V
1 6 1 Y
1 6 2 R
1 6 3 A
1 6 4 F
1 6 5 K
5 5
2 6 1 Y
2 6 2 R
2 6 3 A
2 6 4 F
2 6 5 K
2 6 6 I
6 6
3 6 2 R
3 6 3 A
3 6 4 F
3 6 5 K
3 6 6 I
3 6 7 M
4 6 3 A
4 6 4 F
4 6 5 K
4 6 6 I
4 6 7 M
4 6 8 R
8 8
5 6 4 F
5 6 5 K
5 6 6 I
5 6 7 M
5 6 8 R
5 6 9 G
9 9
6 6 5 K
6 6 6 I
6 6 7 M
6 6 8 R
6 6 9 G
6 6 10 E
10 10
7 6 6 I
7 6 7 M
7 6 8 R
7 6 9 G
7 6 10 E
7 6 11 A
8 6 7 M
8 6 8 R
8 6 9 G
8 6 10 E
8 6 11 A
8 6 12 Y
12 12
9 6 8 R
9 6 9 G
9 6 10 E
9 6 11 A
9 6 12 Y
9 6 13 H
13 13
10 6 9 G
10 6 10 E
10 6 11 A
10 6 12 Y
10 6 13 H
10 6 14 K
14 14
1 7 0 V
1 7 1 Y
1 7 2 R
1 7 3 A
1 7 4 F
1 7 5 K
1 7 6 I
6 6
2 7 1 Y
2 7 2 R
2 7 3 A
2 7 4 F
2 7 5 K
2 7 6 I
2 7 7 M
3 7 2 R
3 7 3 A
3 7 4 F
3 7 5 K
3 7 6 I
3 7 7 M
3 7 8 R
8 8
4 7 3 A
4 7 4 F
4 7 5 K
4 7 6 I
4 7 7 M
4 7 8 R
4 7 9 G
9 9
5 7 4 F
5 7 5 K
5 7 6 I
5 7 7 M
5 7 8 R
5 7 9 G
5 7 10 E
10 10
6 7 5 K
6 7 6 I
6 7 7 M
6 7 8 R
6 7 9 G
6 7 10 E
6 7 11 A
7 7 6 I
7 7 7 M
7 7 8 R
7 7 9 G
7 7 10 E
7 7 11 A
7 7 12 Y
12 12
8 7 7 M
8 7 8 R
8 7 9 G
8 7 10 E
8 7 11 A
8 7 12 Y
8 7 13 H
13 13
9 7 8 R
9 7 9 G
9 7 10 E
9 7 11 A
9 7 12 Y
9 7 13 H
9 7 14 K
14 14
1 8 0 V
1 8 1 Y
1 8 2 R
1 8 3 A
1 8 4 F
1 8 5 K
1 8 6 I
1 8 7 M
2 8 1 Y
2 8 2 R
2 8 3 A
2 8 4 F
2 8 5 K
2 8 6 I
2 8 7 M
2 8 8 R
8 8
3 8 2 R
3 8 3 A
3 8 4 F
3 8 5 K
3 8 6 I
3 8 7 M
3 8 8 R
3 8 9 G
9 9
4 8 3 A
4 8 4 F
4 8 5 K
4 8 6 I
4 8 7 M
4 8 8 R
4 8 9 G
4 8 10 E
10 10
5 8 4 F
5 8 5 K
5 8 6 I
5 8 7 M
5 8 8 R
5 8 9 G
5 8 10 E
5 8 11 A
6 8 5 K
6 8 6 I
6 8 7 M
6 8 8 R
6 8 9 G
6 8 10 E
6 8 11 A
6 8 12 Y
12 12
7 8 6 I
7 8 7 M
7 8 8 R
7 8 9 G
7 8 10 E
7 8 11 A
7 8 12 Y
7 8 13 H
13 13
8 8 7 M
8 8 8 R
8 8 9 G
8 8 10 E
8 8 11 A
8 8 12 Y
8 8 13 H
8 8 14 K
14 14
1 9 0 V
1 9 1 Y
1 9 2 R
1 9 3 A
1 9 4 F
1 9 5 K
1 9 6 I
1 9 7 M
1 9 8 R
8 8
2 9 1 Y
2 9 2 R
2 9 3 A
2 9 4 F
2 9 5 K
2 9 6 I
2 9 7 M
2 9 8 R
2 9 9 G
9 9
3 9 2 R
3 9 3 A
3 9 4 F
3 9 5 K
3 9 6 I
3 9 7 M
3 9 8 R
3 9 9 G
3 9 10 E
10 10
4 9 3 A
4 9 4 F
4 9 5 K
4 9 6 I
4 9 7 M
4 9 8 R
4 9 9 G
4 9 10 E
4 9 11 A
5 9 4 F
5 9 5 K
5 9 6 I
5 9 7 M
5 9 8 R
5 9 9 G
5 9 10 E
5 9 11 A
5 9 12 Y
12 12
6 9 5 K
6 9 6 I
6 9 7 M
6 9 8 R
6 9 9 G
6 9 10 E
6 9 11 A
6 9 12 Y
6 9 13 H
13 13
7 9 6 I
7 9 7 M
7 9 8 R
7 9 9 G
7 9 10 E
7 9 11 A
7 9 12 Y
7 9 13 H
7 9 14 K
14 14
1 10 0 V
1 10 1 Y
1 10 2 R
1 10 3 A
1 10 4 F
1 10 5 K
1 10 6 I
1 10 7 M
1 10 8 R
1 10 9 G
9 9
2 10 1 Y
2 10 2 R
2 10 3 A
2 10 4 F
2 10 5 K
2 10 6 I
2 10 7 M
2 10 8 R
2 10 9 G
2 10 10 E
10 10
3 10 2 R
3 10 3 A
3 10 4 F
3 10 5 K
3 10 6 I
3 10 7 M
3 10 8 R
3 10 9 G
3 10 10 E
3 10 11 A
4 10 3 A
4 10 4 F
4 10 5 K
4 10 6 I
4 10 7 M
4 10 8 R
4 10 9 G
4 10 10 E
4 10 11 A
4 10 12 Y
12 12
5 10 4 F
5 10 5 K
5 10 6 I
5 10 7 M
5 10 8 R
5 10 9 G
5 10 10 E
5 10 11 A
5 10 12 Y
5 10 13 H
13 13
6 10 5 K
6 10 6 I
6 10 7 M
6 10 8 R
6 10 9 G
6 10 10 E
6 10 11 A
6 10 12 Y
6 10 13 H
6 10 14 K
14 14
1 11 0 V
1 11 1 Y
1 11 2 R
1 11 3 A
1 11 4 F
1 11 5 K
1 11 6 I
1 11 7 M
1 11 8 R
1 11 9 G
1 11 10 E
10 10
2 11 1 Y
2 11 2 R
2 11 3 A
2 11 4 F
2 11 5 K
2 11 6 I
2 11 7 M
2 11 8 R
2 11 9 G
2 11 10 E
2 11 11 A
3 11 2 R
3 11 3 A
3 11 4 F
3 11 5 K
3 11 6 I
3 11 7 M
3 11 8 R
3 11 9 G
3 11 10 E
3 11 11 A
3 11 12 Y
12 12
4 11 3 A
4 11 4 F
4 11 5 K
4 11 6 I
4 11 7 M
4 11 8 R
4 11 9 G
4 11 10 E
4 11 11 A
4 11 12 Y
4 11 13 H
13 13
5 11 4 F
5 11 5 K
5 11 6 I
5 11 7 M
5 11 8 R
5 11 9 G
5 11 10 E
5 11 11 A
5 11 12 Y
5 11 13 H
5 11 14 K
14 14
1 12 0 V
1 12 1 Y
1 12 2 R
1 12 3 A
1 12 4 F
1 12 5 K
1 12 6 I
1 12 7 M
1 12 8 R
1 12 9 G
1 12 10 E
1 12 11 A
2 12 1 Y
2 12 2 R
2 12 3 A
2 12 4 F
2 12 5 K
2 12 6 I
2 12 7 M
2 12 8 R
2 12 9 G
2 12 10 E
2 12 11 A
2 12 12 Y
12 12
3 12 2 R
3 12 3 A
3 12 4 F
3 12 5 K
3 12 6 I
3 12 7 M
3 12 8 R
3 12 9 G
3 12 10 E
3 12 11 A
3 12 12 Y
3 12 13 H
13 13
4 12 3 A
4 12 4 F
4 12 5 K
4 12 6 I
4 12 7 M
4 12 8 R
4 12 9 G
4 12 10 E
4 12 11 A
4 12 12 Y
4 12 13 H
4 12 14 K
14 14
1 13 0 V
1 13 1 Y
1 13 2 R
1 13 3 A
1 13 4 F
1 13 5 K
1 13 6 I
1 13 7 M
1 13 8 R
1 13 9 G
1 13 10 E
1 13 11 A
1 13 12 Y
12 12
2 13 1 Y
2 13 2 R
2 13 3 A
2 13 4 F
2 13 5 K
2 13 6 I
2 13 7 M
2 13 8 R
2 13 9 G
2 13 10 E
2 13 11 A
2 13 12 Y
2 13 13 H
13 13
3 13 2 R
3 13 3 A
3 13 4 F
3 13 5 K
3 13 6 I
3 13 7 M
3 13 8 R
3 13 9 G
3 13 10 E
3 13 11 A
3 13 12 Y
3 13 13 H
3 13 14 K
14 14
1 14 0 V
1 14 1 Y
1 14 2 R
1 14 3 A
1 14 4 F
1 14 5 K
1 14 6 I
1 14 7 M
1 14 8 R
1 14 9 G
1 14 10 E
1 14 11 A
1 14 12 Y
1 14 13 H
13 13
2 14 1 Y
2 14 2 R
2 14 3 A
2 14 4 F
2 14 5 K
2 14 6 I
2 14 7 M
2 14 8 R
2 14 9 G
2 14 10 E
2 14 11 A
2 14 12 Y
2 14 13 H
2 14 14 K
14 14
1 15 0 V
1 15 1 Y
1 15 2 R
1 15 3 A
1 15 4 F
1 15 5 K
1 15 6 I
1 15 7 M
1 15 8 R
1 15 9 G
1 15 10 E
1 15 11 A
1 15 12 Y
1 15 13 H
1 15 14 K
14 14
betaaggr
partition
AGG 0 AMYLO 4.27113 TURN 1.03591 HELIX 0 HELAGG 0 BETA35.5557
