Do you want a prediction per residue?. If yes type Y. Default, N
Type the name of the file with the peptide names, conditions and sequence in one letter code and press Enter
Ficher = A0A0H3JTL7
Nterm = N
Cterm = N
pH = 7
temperatura = 298
ionic = 0.1
Stability = 0
Concentration = 1
aminoacido = MSPVTTSRYQGGAHRG
1 peptides run, last one A0A0H3JTL7 N N 7.00 298.00 0.10 MSPVTTSRYQGGAHRG
1 6 0 M
1 6 1 S
1 6 2 P
1 6 3 V
1 6 4 T
1 6 5 T
5 5
2 6 1 S
2 6 2 P
2 6 3 V
2 6 4 T
2 6 5 T
2 6 6 S
6 6
3 6 2 P
3 6 3 V
3 6 4 T
3 6 5 T
3 6 6 S
3 6 7 R
7 7
4 6 3 V
4 6 4 T
4 6 5 T
4 6 6 S
4 6 7 R
4 6 8 Y
8 8
5 6 4 T
5 6 5 T
5 6 6 S
5 6 7 R
5 6 8 Y
5 6 9 Q
9 9
6 6 5 T
6 6 6 S
6 6 7 R
6 6 8 Y
6 6 9 Q
6 6 10 G
10 10
7 6 6 S
7 6 7 R
7 6 8 Y
7 6 9 Q
7 6 10 G
7 6 11 G
11 11
8 6 7 R
8 6 8 Y
8 6 9 Q
8 6 10 G
8 6 11 G
8 6 12 A
9 6 8 Y
9 6 9 Q
9 6 10 G
9 6 11 G
9 6 12 A
9 6 13 H
13 13
10 6 9 Q
10 6 10 G
10 6 11 G
10 6 12 A
10 6 13 H
10 6 14 R
14 14
11 6 10 G
11 6 11 G
11 6 12 A
11 6 13 H
11 6 14 R
11 6 15 G
15 15
1 7 0 M
1 7 1 S
1 7 2 P
1 7 3 V
1 7 4 T
1 7 5 T
1 7 6 S
6 6
2 7 1 S
2 7 2 P
2 7 3 V
2 7 4 T
2 7 5 T
2 7 6 S
2 7 7 R
7 7
3 7 2 P
3 7 3 V
3 7 4 T
3 7 5 T
3 7 6 S
3 7 7 R
3 7 8 Y
8 8
4 7 3 V
4 7 4 T
4 7 5 T
4 7 6 S
4 7 7 R
4 7 8 Y
4 7 9 Q
9 9
5 7 4 T
5 7 5 T
5 7 6 S
5 7 7 R
5 7 8 Y
5 7 9 Q
5 7 10 G
10 10
6 7 5 T
6 7 6 S
6 7 7 R
6 7 8 Y
6 7 9 Q
6 7 10 G
6 7 11 G
11 11
7 7 6 S
7 7 7 R
7 7 8 Y
7 7 9 Q
7 7 10 G
7 7 11 G
7 7 12 A
8 7 7 R
8 7 8 Y
8 7 9 Q
8 7 10 G
8 7 11 G
8 7 12 A
8 7 13 H
13 13
9 7 8 Y
9 7 9 Q
9 7 10 G
9 7 11 G
9 7 12 A
9 7 13 H
9 7 14 R
14 14
10 7 9 Q
10 7 10 G
10 7 11 G
10 7 12 A
10 7 13 H
10 7 14 R
10 7 15 G
15 15
1 8 0 M
1 8 1 S
1 8 2 P
1 8 3 V
1 8 4 T
1 8 5 T
1 8 6 S
1 8 7 R
7 7
2 8 1 S
2 8 2 P
2 8 3 V
2 8 4 T
2 8 5 T
2 8 6 S
2 8 7 R
2 8 8 Y
8 8
3 8 2 P
3 8 3 V
3 8 4 T
3 8 5 T
3 8 6 S
3 8 7 R
3 8 8 Y
3 8 9 Q
9 9
4 8 3 V
4 8 4 T
4 8 5 T
4 8 6 S
4 8 7 R
4 8 8 Y
4 8 9 Q
4 8 10 G
10 10
5 8 4 T
5 8 5 T
5 8 6 S
5 8 7 R
5 8 8 Y
5 8 9 Q
5 8 10 G
5 8 11 G
11 11
6 8 5 T
6 8 6 S
6 8 7 R
6 8 8 Y
6 8 9 Q
6 8 10 G
6 8 11 G
6 8 12 A
7 8 6 S
7 8 7 R
7 8 8 Y
7 8 9 Q
7 8 10 G
7 8 11 G
7 8 12 A
7 8 13 H
13 13
8 8 7 R
8 8 8 Y
8 8 9 Q
8 8 10 G
8 8 11 G
8 8 12 A
8 8 13 H
8 8 14 R
14 14
9 8 8 Y
9 8 9 Q
9 8 10 G
9 8 11 G
9 8 12 A
9 8 13 H
9 8 14 R
9 8 15 G
15 15
1 9 0 M
1 9 1 S
1 9 2 P
1 9 3 V
1 9 4 T
1 9 5 T
1 9 6 S
1 9 7 R
1 9 8 Y
8 8
2 9 1 S
2 9 2 P
2 9 3 V
2 9 4 T
2 9 5 T
2 9 6 S
2 9 7 R
2 9 8 Y
2 9 9 Q
9 9
3 9 2 P
3 9 3 V
3 9 4 T
3 9 5 T
3 9 6 S
3 9 7 R
3 9 8 Y
3 9 9 Q
3 9 10 G
10 10
4 9 3 V
4 9 4 T
4 9 5 T
4 9 6 S
4 9 7 R
4 9 8 Y
4 9 9 Q
4 9 10 G
4 9 11 G
11 11
5 9 4 T
5 9 5 T
5 9 6 S
5 9 7 R
5 9 8 Y
5 9 9 Q
5 9 10 G
5 9 11 G
5 9 12 A
6 9 5 T
6 9 6 S
6 9 7 R
6 9 8 Y
6 9 9 Q
6 9 10 G
6 9 11 G
6 9 12 A
6 9 13 H
13 13
7 9 6 S
7 9 7 R
7 9 8 Y
7 9 9 Q
7 9 10 G
7 9 11 G
7 9 12 A
7 9 13 H
7 9 14 R
14 14
8 9 7 R
8 9 8 Y
8 9 9 Q
8 9 10 G
8 9 11 G
8 9 12 A
8 9 13 H
8 9 14 R
8 9 15 G
15 15
1 10 0 M
1 10 1 S
1 10 2 P
1 10 3 V
1 10 4 T
1 10 5 T
1 10 6 S
1 10 7 R
1 10 8 Y
1 10 9 Q
9 9
2 10 1 S
2 10 2 P
2 10 3 V
2 10 4 T
2 10 5 T
2 10 6 S
2 10 7 R
2 10 8 Y
2 10 9 Q
2 10 10 G
10 10
3 10 2 P
3 10 3 V
3 10 4 T
3 10 5 T
3 10 6 S
3 10 7 R
3 10 8 Y
3 10 9 Q
3 10 10 G
3 10 11 G
11 11
4 10 3 V
4 10 4 T
4 10 5 T
4 10 6 S
4 10 7 R
4 10 8 Y
4 10 9 Q
4 10 10 G
4 10 11 G
4 10 12 A
5 10 4 T
5 10 5 T
5 10 6 S
5 10 7 R
5 10 8 Y
5 10 9 Q
5 10 10 G
5 10 11 G
5 10 12 A
5 10 13 H
13 13
6 10 5 T
6 10 6 S
6 10 7 R
6 10 8 Y
6 10 9 Q
6 10 10 G
6 10 11 G
6 10 12 A
6 10 13 H
6 10 14 R
14 14
7 10 6 S
7 10 7 R
7 10 8 Y
7 10 9 Q
7 10 10 G
7 10 11 G
7 10 12 A
7 10 13 H
7 10 14 R
7 10 15 G
15 15
1 11 0 M
1 11 1 S
1 11 2 P
1 11 3 V
1 11 4 T
1 11 5 T
1 11 6 S
1 11 7 R
1 11 8 Y
1 11 9 Q
1 11 10 G
10 10
2 11 1 S
2 11 2 P
2 11 3 V
2 11 4 T
2 11 5 T
2 11 6 S
2 11 7 R
2 11 8 Y
2 11 9 Q
2 11 10 G
2 11 11 G
11 11
3 11 2 P
3 11 3 V
3 11 4 T
3 11 5 T
3 11 6 S
3 11 7 R
3 11 8 Y
3 11 9 Q
3 11 10 G
3 11 11 G
3 11 12 A
4 11 3 V
4 11 4 T
4 11 5 T
4 11 6 S
4 11 7 R
4 11 8 Y
4 11 9 Q
4 11 10 G
4 11 11 G
4 11 12 A
4 11 13 H
13 13
5 11 4 T
5 11 5 T
5 11 6 S
5 11 7 R
5 11 8 Y
5 11 9 Q
5 11 10 G
5 11 11 G
5 11 12 A
5 11 13 H
5 11 14 R
14 14
6 11 5 T
6 11 6 S
6 11 7 R
6 11 8 Y
6 11 9 Q
6 11 10 G
6 11 11 G
6 11 12 A
6 11 13 H
6 11 14 R
6 11 15 G
15 15
1 12 0 M
1 12 1 S
1 12 2 P
1 12 3 V
1 12 4 T
1 12 5 T
1 12 6 S
1 12 7 R
1 12 8 Y
1 12 9 Q
1 12 10 G
1 12 11 G
11 11
2 12 1 S
2 12 2 P
2 12 3 V
2 12 4 T
2 12 5 T
2 12 6 S
2 12 7 R
2 12 8 Y
2 12 9 Q
2 12 10 G
2 12 11 G
2 12 12 A
3 12 2 P
3 12 3 V
3 12 4 T
3 12 5 T
3 12 6 S
3 12 7 R
3 12 8 Y
3 12 9 Q
3 12 10 G
3 12 11 G
3 12 12 A
3 12 13 H
13 13
4 12 3 V
4 12 4 T
4 12 5 T
4 12 6 S
4 12 7 R
4 12 8 Y
4 12 9 Q
4 12 10 G
4 12 11 G
4 12 12 A
4 12 13 H
4 12 14 R
14 14
5 12 4 T
5 12 5 T
5 12 6 S
5 12 7 R
5 12 8 Y
5 12 9 Q
5 12 10 G
5 12 11 G
5 12 12 A
5 12 13 H
5 12 14 R
5 12 15 G
15 15
1 13 0 M
1 13 1 S
1 13 2 P
1 13 3 V
1 13 4 T
1 13 5 T
1 13 6 S
1 13 7 R
1 13 8 Y
1 13 9 Q
1 13 10 G
1 13 11 G
1 13 12 A
2 13 1 S
2 13 2 P
2 13 3 V
2 13 4 T
2 13 5 T
2 13 6 S
2 13 7 R
2 13 8 Y
2 13 9 Q
2 13 10 G
2 13 11 G
2 13 12 A
2 13 13 H
13 13
3 13 2 P
3 13 3 V
3 13 4 T
3 13 5 T
3 13 6 S
3 13 7 R
3 13 8 Y
3 13 9 Q
3 13 10 G
3 13 11 G
3 13 12 A
3 13 13 H
3 13 14 R
14 14
4 13 3 V
4 13 4 T
4 13 5 T
4 13 6 S
4 13 7 R
4 13 8 Y
4 13 9 Q
4 13 10 G
4 13 11 G
4 13 12 A
4 13 13 H
4 13 14 R
4 13 15 G
15 15
1 14 0 M
1 14 1 S
1 14 2 P
1 14 3 V
1 14 4 T
1 14 5 T
1 14 6 S
1 14 7 R
1 14 8 Y
1 14 9 Q
1 14 10 G
1 14 11 G
1 14 12 A
1 14 13 H
13 13
2 14 1 S
2 14 2 P
2 14 3 V
2 14 4 T
2 14 5 T
2 14 6 S
2 14 7 R
2 14 8 Y
2 14 9 Q
2 14 10 G
2 14 11 G
2 14 12 A
2 14 13 H
2 14 14 R
14 14
3 14 2 P
3 14 3 V
3 14 4 T
3 14 5 T
3 14 6 S
3 14 7 R
3 14 8 Y
3 14 9 Q
3 14 10 G
3 14 11 G
3 14 12 A
3 14 13 H
3 14 14 R
3 14 15 G
15 15
1 15 0 M
1 15 1 S
1 15 2 P
1 15 3 V
1 15 4 T
1 15 5 T
1 15 6 S
1 15 7 R
1 15 8 Y
1 15 9 Q
1 15 10 G
1 15 11 G
1 15 12 A
1 15 13 H
1 15 14 R
14 14
2 15 1 S
2 15 2 P
2 15 3 V
2 15 4 T
2 15 5 T
2 15 6 S
2 15 7 R
2 15 8 Y
2 15 9 Q
2 15 10 G
2 15 11 G
2 15 12 A
2 15 13 H
2 15 14 R
2 15 15 G
15 15
1 16 0 M
1 16 1 S
1 16 2 P
1 16 3 V
1 16 4 T
1 16 5 T
1 16 6 S
1 16 7 R
1 16 8 Y
1 16 9 Q
1 16 10 G
1 16 11 G
1 16 12 A
1 16 13 H
1 16 14 R
1 16 15 G
15 15
betaaggr
partition
AGG 0 AMYLO 9.34677e-09 TURN 3.62142 HELIX 0.688887 HELAGG 0 BETA22.2224
