Do you want a prediction per residue?. If yes type Y. Default, N
Type the name of the file with the peptide names, conditions and sequence in one letter code and press Enter
Ficher = A0A0U1UY29
Nterm = N
Cterm = N
pH = 7
temperatura = 298
ionic = 0.1
Stability = 0
Concentration = 1
aminoacido = MVSIGFEPMTPRASI
1 peptides run, last one A0A0U1UY29 N N 7.00 298.00 0.10 MVSIGFEPMTPRASI
1 6 0 M
1 6 1 V
1 6 2 S
1 6 3 I
1 6 4 G
1 6 5 F
5 5
2 6 1 V
2 6 2 S
2 6 3 I
2 6 4 G
2 6 5 F
2 6 6 E
6 6
3 6 2 S
3 6 3 I
3 6 4 G
3 6 5 F
3 6 6 E
3 6 7 P
7 7
4 6 3 I
4 6 4 G
4 6 5 F
4 6 6 E
4 6 7 P
4 6 8 M
8 8
5 6 4 G
5 6 5 F
5 6 6 E
5 6 7 P
5 6 8 M
5 6 9 T
9 9
6 6 5 F
6 6 6 E
6 6 7 P
6 6 8 M
6 6 9 T
6 6 10 P
10 10
7 6 6 E
7 6 7 P
7 6 8 M
7 6 9 T
7 6 10 P
7 6 11 R
11 11
8 6 7 P
8 6 8 M
8 6 9 T
8 6 10 P
8 6 11 R
8 6 12 A
9 6 8 M
9 6 9 T
9 6 10 P
9 6 11 R
9 6 12 A
9 6 13 S
13 13
10 6 9 T
10 6 10 P
10 6 11 R
10 6 12 A
10 6 13 S
10 6 14 I
14 14
1 7 0 M
1 7 1 V
1 7 2 S
1 7 3 I
1 7 4 G
1 7 5 F
1 7 6 E
6 6
2 7 1 V
2 7 2 S
2 7 3 I
2 7 4 G
2 7 5 F
2 7 6 E
2 7 7 P
7 7
3 7 2 S
3 7 3 I
3 7 4 G
3 7 5 F
3 7 6 E
3 7 7 P
3 7 8 M
8 8
4 7 3 I
4 7 4 G
4 7 5 F
4 7 6 E
4 7 7 P
4 7 8 M
4 7 9 T
9 9
5 7 4 G
5 7 5 F
5 7 6 E
5 7 7 P
5 7 8 M
5 7 9 T
5 7 10 P
10 10
6 7 5 F
6 7 6 E
6 7 7 P
6 7 8 M
6 7 9 T
6 7 10 P
6 7 11 R
11 11
7 7 6 E
7 7 7 P
7 7 8 M
7 7 9 T
7 7 10 P
7 7 11 R
7 7 12 A
8 7 7 P
8 7 8 M
8 7 9 T
8 7 10 P
8 7 11 R
8 7 12 A
8 7 13 S
13 13
9 7 8 M
9 7 9 T
9 7 10 P
9 7 11 R
9 7 12 A
9 7 13 S
9 7 14 I
14 14
1 8 0 M
1 8 1 V
1 8 2 S
1 8 3 I
1 8 4 G
1 8 5 F
1 8 6 E
1 8 7 P
7 7
2 8 1 V
2 8 2 S
2 8 3 I
2 8 4 G
2 8 5 F
2 8 6 E
2 8 7 P
2 8 8 M
8 8
3 8 2 S
3 8 3 I
3 8 4 G
3 8 5 F
3 8 6 E
3 8 7 P
3 8 8 M
3 8 9 T
9 9
4 8 3 I
4 8 4 G
4 8 5 F
4 8 6 E
4 8 7 P
4 8 8 M
4 8 9 T
4 8 10 P
10 10
5 8 4 G
5 8 5 F
5 8 6 E
5 8 7 P
5 8 8 M
5 8 9 T
5 8 10 P
5 8 11 R
11 11
6 8 5 F
6 8 6 E
6 8 7 P
6 8 8 M
6 8 9 T
6 8 10 P
6 8 11 R
6 8 12 A
7 8 6 E
7 8 7 P
7 8 8 M
7 8 9 T
7 8 10 P
7 8 11 R
7 8 12 A
7 8 13 S
13 13
8 8 7 P
8 8 8 M
8 8 9 T
8 8 10 P
8 8 11 R
8 8 12 A
8 8 13 S
8 8 14 I
14 14
1 9 0 M
1 9 1 V
1 9 2 S
1 9 3 I
1 9 4 G
1 9 5 F
1 9 6 E
1 9 7 P
1 9 8 M
8 8
2 9 1 V
2 9 2 S
2 9 3 I
2 9 4 G
2 9 5 F
2 9 6 E
2 9 7 P
2 9 8 M
2 9 9 T
9 9
3 9 2 S
3 9 3 I
3 9 4 G
3 9 5 F
3 9 6 E
3 9 7 P
3 9 8 M
3 9 9 T
3 9 10 P
10 10
4 9 3 I
4 9 4 G
4 9 5 F
4 9 6 E
4 9 7 P
4 9 8 M
4 9 9 T
4 9 10 P
4 9 11 R
11 11
5 9 4 G
5 9 5 F
5 9 6 E
5 9 7 P
5 9 8 M
5 9 9 T
5 9 10 P
5 9 11 R
5 9 12 A
6 9 5 F
6 9 6 E
6 9 7 P
6 9 8 M
6 9 9 T
6 9 10 P
6 9 11 R
6 9 12 A
6 9 13 S
13 13
7 9 6 E
7 9 7 P
7 9 8 M
7 9 9 T
7 9 10 P
7 9 11 R
7 9 12 A
7 9 13 S
7 9 14 I
14 14
1 10 0 M
1 10 1 V
1 10 2 S
1 10 3 I
1 10 4 G
1 10 5 F
1 10 6 E
1 10 7 P
1 10 8 M
1 10 9 T
9 9
2 10 1 V
2 10 2 S
2 10 3 I
2 10 4 G
2 10 5 F
2 10 6 E
2 10 7 P
2 10 8 M
2 10 9 T
2 10 10 P
10 10
3 10 2 S
3 10 3 I
3 10 4 G
3 10 5 F
3 10 6 E
3 10 7 P
3 10 8 M
3 10 9 T
3 10 10 P
3 10 11 R
11 11
4 10 3 I
4 10 4 G
4 10 5 F
4 10 6 E
4 10 7 P
4 10 8 M
4 10 9 T
4 10 10 P
4 10 11 R
4 10 12 A
5 10 4 G
5 10 5 F
5 10 6 E
5 10 7 P
5 10 8 M
5 10 9 T
5 10 10 P
5 10 11 R
5 10 12 A
5 10 13 S
13 13
6 10 5 F
6 10 6 E
6 10 7 P
6 10 8 M
6 10 9 T
6 10 10 P
6 10 11 R
6 10 12 A
6 10 13 S
6 10 14 I
14 14
1 11 0 M
1 11 1 V
1 11 2 S
1 11 3 I
1 11 4 G
1 11 5 F
1 11 6 E
1 11 7 P
1 11 8 M
1 11 9 T
1 11 10 P
10 10
2 11 1 V
2 11 2 S
2 11 3 I
2 11 4 G
2 11 5 F
2 11 6 E
2 11 7 P
2 11 8 M
2 11 9 T
2 11 10 P
2 11 11 R
11 11
3 11 2 S
3 11 3 I
3 11 4 G
3 11 5 F
3 11 6 E
3 11 7 P
3 11 8 M
3 11 9 T
3 11 10 P
3 11 11 R
3 11 12 A
4 11 3 I
4 11 4 G
4 11 5 F
4 11 6 E
4 11 7 P
4 11 8 M
4 11 9 T
4 11 10 P
4 11 11 R
4 11 12 A
4 11 13 S
13 13
5 11 4 G
5 11 5 F
5 11 6 E
5 11 7 P
5 11 8 M
5 11 9 T
5 11 10 P
5 11 11 R
5 11 12 A
5 11 13 S
5 11 14 I
14 14
1 12 0 M
1 12 1 V
1 12 2 S
1 12 3 I
1 12 4 G
1 12 5 F
1 12 6 E
1 12 7 P
1 12 8 M
1 12 9 T
1 12 10 P
1 12 11 R
11 11
2 12 1 V
2 12 2 S
2 12 3 I
2 12 4 G
2 12 5 F
2 12 6 E
2 12 7 P
2 12 8 M
2 12 9 T
2 12 10 P
2 12 11 R
2 12 12 A
3 12 2 S
3 12 3 I
3 12 4 G
3 12 5 F
3 12 6 E
3 12 7 P
3 12 8 M
3 12 9 T
3 12 10 P
3 12 11 R
3 12 12 A
3 12 13 S
13 13
4 12 3 I
4 12 4 G
4 12 5 F
4 12 6 E
4 12 7 P
4 12 8 M
4 12 9 T
4 12 10 P
4 12 11 R
4 12 12 A
4 12 13 S
4 12 14 I
14 14
1 13 0 M
1 13 1 V
1 13 2 S
1 13 3 I
1 13 4 G
1 13 5 F
1 13 6 E
1 13 7 P
1 13 8 M
1 13 9 T
1 13 10 P
1 13 11 R
1 13 12 A
2 13 1 V
2 13 2 S
2 13 3 I
2 13 4 G
2 13 5 F
2 13 6 E
2 13 7 P
2 13 8 M
2 13 9 T
2 13 10 P
2 13 11 R
2 13 12 A
2 13 13 S
13 13
3 13 2 S
3 13 3 I
3 13 4 G
3 13 5 F
3 13 6 E
3 13 7 P
3 13 8 M
3 13 9 T
3 13 10 P
3 13 11 R
3 13 12 A
3 13 13 S
3 13 14 I
14 14
1 14 0 M
1 14 1 V
1 14 2 S
1 14 3 I
1 14 4 G
1 14 5 F
1 14 6 E
1 14 7 P
1 14 8 M
1 14 9 T
1 14 10 P
1 14 11 R
1 14 12 A
1 14 13 S
13 13
2 14 1 V
2 14 2 S
2 14 3 I
2 14 4 G
2 14 5 F
2 14 6 E
2 14 7 P
2 14 8 M
2 14 9 T
2 14 10 P
2 14 11 R
2 14 12 A
2 14 13 S
2 14 14 I
14 14
1 15 0 M
1 15 1 V
1 15 2 S
1 15 3 I
1 15 4 G
1 15 5 F
1 15 6 E
1 15 7 P
1 15 8 M
1 15 9 T
1 15 10 P
1 15 11 R
1 15 12 A
1 15 13 S
1 15 14 I
14 14
betaaggr
partition
AGG 29.3554 AMYLO 1.46603 TURN 2.4145 HELIX 0 HELAGG 0 BETA19.1226
