Do you want a prediction per residue?. If yes type Y. Default, N
Type the name of the file with the peptide names, conditions and sequence in one letter code and press Enter
Ficher = A0A0U1MQW0
Nterm = N
Cterm = N
pH = 7
temperatura = 298
ionic = 0.1
Stability = 0
Concentration = 1
aminoacido = MAEMNCSDPYDLIWLVPT
1 peptides run, last one A0A0U1MQW0 N N 7.00 298.00 0.10 MAEMNCSDPYDLIWLVPT
1 6 0 M
1 6 1 A
1 6 2 E
1 6 3 M
1 6 4 N
1 6 5 C
2 6 1 A
2 6 2 E
2 6 3 M
2 6 4 N
2 6 5 C
2 6 6 S
6 6
3 6 2 E
3 6 3 M
3 6 4 N
3 6 5 C
3 6 6 S
3 6 7 D
7 7
4 6 3 M
4 6 4 N
4 6 5 C
4 6 6 S
4 6 7 D
4 6 8 P
8 8
5 6 4 N
5 6 5 C
5 6 6 S
5 6 7 D
5 6 8 P
5 6 9 Y
9 9
6 6 5 C
6 6 6 S
6 6 7 D
6 6 8 P
6 6 9 Y
6 6 10 D
10 10
7 6 6 S
7 6 7 D
7 6 8 P
7 6 9 Y
7 6 10 D
7 6 11 L
11 11
8 6 7 D
8 6 8 P
8 6 9 Y
8 6 10 D
8 6 11 L
8 6 12 I
12 12
9 6 8 P
9 6 9 Y
9 6 10 D
9 6 11 L
9 6 12 I
9 6 13 W
13 13
10 6 9 Y
10 6 10 D
10 6 11 L
10 6 12 I
10 6 13 W
10 6 14 L
14 14
11 6 10 D
11 6 11 L
11 6 12 I
11 6 13 W
11 6 14 L
11 6 15 V
15 15
12 6 11 L
12 6 12 I
12 6 13 W
12 6 14 L
12 6 15 V
12 6 16 P
16 16
13 6 12 I
13 6 13 W
13 6 14 L
13 6 15 V
13 6 16 P
13 6 17 T
17 17
1 7 0 M
1 7 1 A
1 7 2 E
1 7 3 M
1 7 4 N
1 7 5 C
1 7 6 S
6 6
2 7 1 A
2 7 2 E
2 7 3 M
2 7 4 N
2 7 5 C
2 7 6 S
2 7 7 D
7 7
3 7 2 E
3 7 3 M
3 7 4 N
3 7 5 C
3 7 6 S
3 7 7 D
3 7 8 P
8 8
4 7 3 M
4 7 4 N
4 7 5 C
4 7 6 S
4 7 7 D
4 7 8 P
4 7 9 Y
9 9
5 7 4 N
5 7 5 C
5 7 6 S
5 7 7 D
5 7 8 P
5 7 9 Y
5 7 10 D
10 10
6 7 5 C
6 7 6 S
6 7 7 D
6 7 8 P
6 7 9 Y
6 7 10 D
6 7 11 L
11 11
7 7 6 S
7 7 7 D
7 7 8 P
7 7 9 Y
7 7 10 D
7 7 11 L
7 7 12 I
12 12
8 7 7 D
8 7 8 P
8 7 9 Y
8 7 10 D
8 7 11 L
8 7 12 I
8 7 13 W
13 13
9 7 8 P
9 7 9 Y
9 7 10 D
9 7 11 L
9 7 12 I
9 7 13 W
9 7 14 L
14 14
10 7 9 Y
10 7 10 D
10 7 11 L
10 7 12 I
10 7 13 W
10 7 14 L
10 7 15 V
15 15
11 7 10 D
11 7 11 L
11 7 12 I
11 7 13 W
11 7 14 L
11 7 15 V
11 7 16 P
16 16
12 7 11 L
12 7 12 I
12 7 13 W
12 7 14 L
12 7 15 V
12 7 16 P
12 7 17 T
17 17
1 8 0 M
1 8 1 A
1 8 2 E
1 8 3 M
1 8 4 N
1 8 5 C
1 8 6 S
1 8 7 D
7 7
2 8 1 A
2 8 2 E
2 8 3 M
2 8 4 N
2 8 5 C
2 8 6 S
2 8 7 D
2 8 8 P
8 8
3 8 2 E
3 8 3 M
3 8 4 N
3 8 5 C
3 8 6 S
3 8 7 D
3 8 8 P
3 8 9 Y
9 9
4 8 3 M
4 8 4 N
4 8 5 C
4 8 6 S
4 8 7 D
4 8 8 P
4 8 9 Y
4 8 10 D
10 10
5 8 4 N
5 8 5 C
5 8 6 S
5 8 7 D
5 8 8 P
5 8 9 Y
5 8 10 D
5 8 11 L
11 11
6 8 5 C
6 8 6 S
6 8 7 D
6 8 8 P
6 8 9 Y
6 8 10 D
6 8 11 L
6 8 12 I
12 12
7 8 6 S
7 8 7 D
7 8 8 P
7 8 9 Y
7 8 10 D
7 8 11 L
7 8 12 I
7 8 13 W
13 13
8 8 7 D
8 8 8 P
8 8 9 Y
8 8 10 D
8 8 11 L
8 8 12 I
8 8 13 W
8 8 14 L
14 14
9 8 8 P
9 8 9 Y
9 8 10 D
9 8 11 L
9 8 12 I
9 8 13 W
9 8 14 L
9 8 15 V
15 15
10 8 9 Y
10 8 10 D
10 8 11 L
10 8 12 I
10 8 13 W
10 8 14 L
10 8 15 V
10 8 16 P
16 16
11 8 10 D
11 8 11 L
11 8 12 I
11 8 13 W
11 8 14 L
11 8 15 V
11 8 16 P
11 8 17 T
17 17
1 9 0 M
1 9 1 A
1 9 2 E
1 9 3 M
1 9 4 N
1 9 5 C
1 9 6 S
1 9 7 D
1 9 8 P
8 8
2 9 1 A
2 9 2 E
2 9 3 M
2 9 4 N
2 9 5 C
2 9 6 S
2 9 7 D
2 9 8 P
2 9 9 Y
9 9
3 9 2 E
3 9 3 M
3 9 4 N
3 9 5 C
3 9 6 S
3 9 7 D
3 9 8 P
3 9 9 Y
3 9 10 D
10 10
4 9 3 M
4 9 4 N
4 9 5 C
4 9 6 S
4 9 7 D
4 9 8 P
4 9 9 Y
4 9 10 D
4 9 11 L
11 11
5 9 4 N
5 9 5 C
5 9 6 S
5 9 7 D
5 9 8 P
5 9 9 Y
5 9 10 D
5 9 11 L
5 9 12 I
12 12
6 9 5 C
6 9 6 S
6 9 7 D
6 9 8 P
6 9 9 Y
6 9 10 D
6 9 11 L
6 9 12 I
6 9 13 W
13 13
7 9 6 S
7 9 7 D
7 9 8 P
7 9 9 Y
7 9 10 D
7 9 11 L
7 9 12 I
7 9 13 W
7 9 14 L
14 14
8 9 7 D
8 9 8 P
8 9 9 Y
8 9 10 D
8 9 11 L
8 9 12 I
8 9 13 W
8 9 14 L
8 9 15 V
15 15
9 9 8 P
9 9 9 Y
9 9 10 D
9 9 11 L
9 9 12 I
9 9 13 W
9 9 14 L
9 9 15 V
9 9 16 P
16 16
10 9 9 Y
10 9 10 D
10 9 11 L
10 9 12 I
10 9 13 W
10 9 14 L
10 9 15 V
10 9 16 P
10 9 17 T
17 17
1 10 0 M
1 10 1 A
1 10 2 E
1 10 3 M
1 10 4 N
1 10 5 C
1 10 6 S
1 10 7 D
1 10 8 P
1 10 9 Y
9 9
2 10 1 A
2 10 2 E
2 10 3 M
2 10 4 N
2 10 5 C
2 10 6 S
2 10 7 D
2 10 8 P
2 10 9 Y
2 10 10 D
10 10
3 10 2 E
3 10 3 M
3 10 4 N
3 10 5 C
3 10 6 S
3 10 7 D
3 10 8 P
3 10 9 Y
3 10 10 D
3 10 11 L
11 11
4 10 3 M
4 10 4 N
4 10 5 C
4 10 6 S
4 10 7 D
4 10 8 P
4 10 9 Y
4 10 10 D
4 10 11 L
4 10 12 I
12 12
5 10 4 N
5 10 5 C
5 10 6 S
5 10 7 D
5 10 8 P
5 10 9 Y
5 10 10 D
5 10 11 L
5 10 12 I
5 10 13 W
13 13
6 10 5 C
6 10 6 S
6 10 7 D
6 10 8 P
6 10 9 Y
6 10 10 D
6 10 11 L
6 10 12 I
6 10 13 W
6 10 14 L
14 14
7 10 6 S
7 10 7 D
7 10 8 P
7 10 9 Y
7 10 10 D
7 10 11 L
7 10 12 I
7 10 13 W
7 10 14 L
7 10 15 V
15 15
8 10 7 D
8 10 8 P
8 10 9 Y
8 10 10 D
8 10 11 L
8 10 12 I
8 10 13 W
8 10 14 L
8 10 15 V
8 10 16 P
16 16
9 10 8 P
9 10 9 Y
9 10 10 D
9 10 11 L
9 10 12 I
9 10 13 W
9 10 14 L
9 10 15 V
9 10 16 P
9 10 17 T
17 17
1 11 0 M
1 11 1 A
1 11 2 E
1 11 3 M
1 11 4 N
1 11 5 C
1 11 6 S
1 11 7 D
1 11 8 P
1 11 9 Y
1 11 10 D
10 10
2 11 1 A
2 11 2 E
2 11 3 M
2 11 4 N
2 11 5 C
2 11 6 S
2 11 7 D
2 11 8 P
2 11 9 Y
2 11 10 D
2 11 11 L
11 11
3 11 2 E
3 11 3 M
3 11 4 N
3 11 5 C
3 11 6 S
3 11 7 D
3 11 8 P
3 11 9 Y
3 11 10 D
3 11 11 L
3 11 12 I
12 12
4 11 3 M
4 11 4 N
4 11 5 C
4 11 6 S
4 11 7 D
4 11 8 P
4 11 9 Y
4 11 10 D
4 11 11 L
4 11 12 I
4 11 13 W
13 13
5 11 4 N
5 11 5 C
5 11 6 S
5 11 7 D
5 11 8 P
5 11 9 Y
5 11 10 D
5 11 11 L
5 11 12 I
5 11 13 W
5 11 14 L
14 14
6 11 5 C
6 11 6 S
6 11 7 D
6 11 8 P
6 11 9 Y
6 11 10 D
6 11 11 L
6 11 12 I
6 11 13 W
6 11 14 L
6 11 15 V
15 15
7 11 6 S
7 11 7 D
7 11 8 P
7 11 9 Y
7 11 10 D
7 11 11 L
7 11 12 I
7 11 13 W
7 11 14 L
7 11 15 V
7 11 16 P
16 16
8 11 7 D
8 11 8 P
8 11 9 Y
8 11 10 D
8 11 11 L
8 11 12 I
8 11 13 W
8 11 14 L
8 11 15 V
8 11 16 P
8 11 17 T
17 17
1 12 0 M
1 12 1 A
1 12 2 E
1 12 3 M
1 12 4 N
1 12 5 C
1 12 6 S
1 12 7 D
1 12 8 P
1 12 9 Y
1 12 10 D
1 12 11 L
11 11
2 12 1 A
2 12 2 E
2 12 3 M
2 12 4 N
2 12 5 C
2 12 6 S
2 12 7 D
2 12 8 P
2 12 9 Y
2 12 10 D
2 12 11 L
2 12 12 I
12 12
3 12 2 E
3 12 3 M
3 12 4 N
3 12 5 C
3 12 6 S
3 12 7 D
3 12 8 P
3 12 9 Y
3 12 10 D
3 12 11 L
3 12 12 I
3 12 13 W
13 13
4 12 3 M
4 12 4 N
4 12 5 C
4 12 6 S
4 12 7 D
4 12 8 P
4 12 9 Y
4 12 10 D
4 12 11 L
4 12 12 I
4 12 13 W
4 12 14 L
14 14
5 12 4 N
5 12 5 C
5 12 6 S
5 12 7 D
5 12 8 P
5 12 9 Y
5 12 10 D
5 12 11 L
5 12 12 I
5 12 13 W
5 12 14 L
5 12 15 V
15 15
6 12 5 C
6 12 6 S
6 12 7 D
6 12 8 P
6 12 9 Y
6 12 10 D
6 12 11 L
6 12 12 I
6 12 13 W
6 12 14 L
6 12 15 V
6 12 16 P
16 16
7 12 6 S
7 12 7 D
7 12 8 P
7 12 9 Y
7 12 10 D
7 12 11 L
7 12 12 I
7 12 13 W
7 12 14 L
7 12 15 V
7 12 16 P
7 12 17 T
17 17
1 13 0 M
1 13 1 A
1 13 2 E
1 13 3 M
1 13 4 N
1 13 5 C
1 13 6 S
1 13 7 D
1 13 8 P
1 13 9 Y
1 13 10 D
1 13 11 L
1 13 12 I
12 12
2 13 1 A
2 13 2 E
2 13 3 M
2 13 4 N
2 13 5 C
2 13 6 S
2 13 7 D
2 13 8 P
2 13 9 Y
2 13 10 D
2 13 11 L
2 13 12 I
2 13 13 W
13 13
3 13 2 E
3 13 3 M
3 13 4 N
3 13 5 C
3 13 6 S
3 13 7 D
3 13 8 P
3 13 9 Y
3 13 10 D
3 13 11 L
3 13 12 I
3 13 13 W
3 13 14 L
14 14
4 13 3 M
4 13 4 N
4 13 5 C
4 13 6 S
4 13 7 D
4 13 8 P
4 13 9 Y
4 13 10 D
4 13 11 L
4 13 12 I
4 13 13 W
4 13 14 L
4 13 15 V
15 15
5 13 4 N
5 13 5 C
5 13 6 S
5 13 7 D
5 13 8 P
5 13 9 Y
5 13 10 D
5 13 11 L
5 13 12 I
5 13 13 W
5 13 14 L
5 13 15 V
5 13 16 P
16 16
6 13 5 C
6 13 6 S
6 13 7 D
6 13 8 P
6 13 9 Y
6 13 10 D
6 13 11 L
6 13 12 I
6 13 13 W
6 13 14 L
6 13 15 V
6 13 16 P
6 13 17 T
17 17
1 14 0 M
1 14 1 A
1 14 2 E
1 14 3 M
1 14 4 N
1 14 5 C
1 14 6 S
1 14 7 D
1 14 8 P
1 14 9 Y
1 14 10 D
1 14 11 L
1 14 12 I
1 14 13 W
13 13
2 14 1 A
2 14 2 E
2 14 3 M
2 14 4 N
2 14 5 C
2 14 6 S
2 14 7 D
2 14 8 P
2 14 9 Y
2 14 10 D
2 14 11 L
2 14 12 I
2 14 13 W
2 14 14 L
14 14
3 14 2 E
3 14 3 M
3 14 4 N
3 14 5 C
3 14 6 S
3 14 7 D
3 14 8 P
3 14 9 Y
3 14 10 D
3 14 11 L
3 14 12 I
3 14 13 W
3 14 14 L
3 14 15 V
15 15
4 14 3 M
4 14 4 N
4 14 5 C
4 14 6 S
4 14 7 D
4 14 8 P
4 14 9 Y
4 14 10 D
4 14 11 L
4 14 12 I
4 14 13 W
4 14 14 L
4 14 15 V
4 14 16 P
16 16
5 14 4 N
5 14 5 C
5 14 6 S
5 14 7 D
5 14 8 P
5 14 9 Y
5 14 10 D
5 14 11 L
5 14 12 I
5 14 13 W
5 14 14 L
5 14 15 V
5 14 16 P
5 14 17 T
17 17
1 15 0 M
1 15 1 A
1 15 2 E
1 15 3 M
1 15 4 N
1 15 5 C
1 15 6 S
1 15 7 D
1 15 8 P
1 15 9 Y
1 15 10 D
1 15 11 L
1 15 12 I
1 15 13 W
1 15 14 L
14 14
2 15 1 A
2 15 2 E
2 15 3 M
2 15 4 N
2 15 5 C
2 15 6 S
2 15 7 D
2 15 8 P
2 15 9 Y
2 15 10 D
2 15 11 L
2 15 12 I
2 15 13 W
2 15 14 L
2 15 15 V
15 15
3 15 2 E
3 15 3 M
3 15 4 N
3 15 5 C
3 15 6 S
3 15 7 D
3 15 8 P
3 15 9 Y
3 15 10 D
3 15 11 L
3 15 12 I
3 15 13 W
3 15 14 L
3 15 15 V
3 15 16 P
16 16
4 15 3 M
4 15 4 N
4 15 5 C
4 15 6 S
4 15 7 D
4 15 8 P
4 15 9 Y
4 15 10 D
4 15 11 L
4 15 12 I
4 15 13 W
4 15 14 L
4 15 15 V
4 15 16 P
4 15 17 T
17 17
1 16 0 M
1 16 1 A
1 16 2 E
1 16 3 M
1 16 4 N
1 16 5 C
1 16 6 S
1 16 7 D
1 16 8 P
1 16 9 Y
1 16 10 D
1 16 11 L
1 16 12 I
1 16 13 W
1 16 14 L
1 16 15 V
15 15
2 16 1 A
2 16 2 E
2 16 3 M
2 16 4 N
2 16 5 C
2 16 6 S
2 16 7 D
2 16 8 P
2 16 9 Y
2 16 10 D
2 16 11 L
2 16 12 I
2 16 13 W
2 16 14 L
2 16 15 V
2 16 16 P
16 16
3 16 2 E
3 16 3 M
3 16 4 N
3 16 5 C
3 16 6 S
3 16 7 D
3 16 8 P
3 16 9 Y
3 16 10 D
3 16 11 L
3 16 12 I
3 16 13 W
3 16 14 L
3 16 15 V
3 16 16 P
3 16 17 T
17 17
1 17 0 M
1 17 1 A
1 17 2 E
1 17 3 M
1 17 4 N
1 17 5 C
1 17 6 S
1 17 7 D
1 17 8 P
1 17 9 Y
1 17 10 D
1 17 11 L
1 17 12 I
1 17 13 W
1 17 14 L
1 17 15 V
1 17 16 P
16 16
2 17 1 A
2 17 2 E
2 17 3 M
2 17 4 N
2 17 5 C
2 17 6 S
2 17 7 D
2 17 8 P
2 17 9 Y
2 17 10 D
2 17 11 L
2 17 12 I
2 17 13 W
2 17 14 L
2 17 15 V
2 17 16 P
2 17 17 T
17 17
1 18 0 M
1 18 1 A
1 18 2 E
1 18 3 M
1 18 4 N
1 18 5 C
1 18 6 S
1 18 7 D
1 18 8 P
1 18 9 Y
1 18 10 D
1 18 11 L
1 18 12 I
1 18 13 W
1 18 14 L
1 18 15 V
1 18 16 P
1 18 17 T
17 17
betaaggr
partition
AGG 25.0956 AMYLO 0.57305 TURN 4.8231 HELIX 9.36906 HELAGG 0 BETA29.1723
