Do you want a prediction per residue?. If yes type Y. Default, N
Type the name of the file with the peptide names, conditions and sequence in one letter code and press Enter
Ficher = A0A0P0YP98
Nterm = N
Cterm = N
pH = 7
temperatura = 298
ionic = 0.1
Stability = 0
Concentration = 1
aminoacido = QVYRAFKIMRGEAYHK
1 peptides run, last one A0A0P0YP98 N N 7.00 298.00 0.10 QVYRAFKIMRGEAYHK
1 6 0 Q
1 6 1 V
1 6 2 Y
1 6 3 R
1 6 4 A
1 6 5 F
5 5
2 6 1 V
2 6 2 Y
2 6 3 R
2 6 4 A
2 6 5 F
2 6 6 K
6 6
3 6 2 Y
3 6 3 R
3 6 4 A
3 6 5 F
3 6 6 K
3 6 7 I
7 7
4 6 3 R
4 6 4 A
4 6 5 F
4 6 6 K
4 6 7 I
4 6 8 M
5 6 4 A
5 6 5 F
5 6 6 K
5 6 7 I
5 6 8 M
5 6 9 R
9 9
6 6 5 F
6 6 6 K
6 6 7 I
6 6 8 M
6 6 9 R
6 6 10 G
10 10
7 6 6 K
7 6 7 I
7 6 8 M
7 6 9 R
7 6 10 G
7 6 11 E
11 11
8 6 7 I
8 6 8 M
8 6 9 R
8 6 10 G
8 6 11 E
8 6 12 A
9 6 8 M
9 6 9 R
9 6 10 G
9 6 11 E
9 6 12 A
9 6 13 Y
13 13
10 6 9 R
10 6 10 G
10 6 11 E
10 6 12 A
10 6 13 Y
10 6 14 H
14 14
11 6 10 G
11 6 11 E
11 6 12 A
11 6 13 Y
11 6 14 H
11 6 15 K
15 15
1 7 0 Q
1 7 1 V
1 7 2 Y
1 7 3 R
1 7 4 A
1 7 5 F
1 7 6 K
6 6
2 7 1 V
2 7 2 Y
2 7 3 R
2 7 4 A
2 7 5 F
2 7 6 K
2 7 7 I
7 7
3 7 2 Y
3 7 3 R
3 7 4 A
3 7 5 F
3 7 6 K
3 7 7 I
3 7 8 M
4 7 3 R
4 7 4 A
4 7 5 F
4 7 6 K
4 7 7 I
4 7 8 M
4 7 9 R
9 9
5 7 4 A
5 7 5 F
5 7 6 K
5 7 7 I
5 7 8 M
5 7 9 R
5 7 10 G
10 10
6 7 5 F
6 7 6 K
6 7 7 I
6 7 8 M
6 7 9 R
6 7 10 G
6 7 11 E
11 11
7 7 6 K
7 7 7 I
7 7 8 M
7 7 9 R
7 7 10 G
7 7 11 E
7 7 12 A
8 7 7 I
8 7 8 M
8 7 9 R
8 7 10 G
8 7 11 E
8 7 12 A
8 7 13 Y
13 13
9 7 8 M
9 7 9 R
9 7 10 G
9 7 11 E
9 7 12 A
9 7 13 Y
9 7 14 H
14 14
10 7 9 R
10 7 10 G
10 7 11 E
10 7 12 A
10 7 13 Y
10 7 14 H
10 7 15 K
15 15
1 8 0 Q
1 8 1 V
1 8 2 Y
1 8 3 R
1 8 4 A
1 8 5 F
1 8 6 K
1 8 7 I
7 7
2 8 1 V
2 8 2 Y
2 8 3 R
2 8 4 A
2 8 5 F
2 8 6 K
2 8 7 I
2 8 8 M
3 8 2 Y
3 8 3 R
3 8 4 A
3 8 5 F
3 8 6 K
3 8 7 I
3 8 8 M
3 8 9 R
9 9
4 8 3 R
4 8 4 A
4 8 5 F
4 8 6 K
4 8 7 I
4 8 8 M
4 8 9 R
4 8 10 G
10 10
5 8 4 A
5 8 5 F
5 8 6 K
5 8 7 I
5 8 8 M
5 8 9 R
5 8 10 G
5 8 11 E
11 11
6 8 5 F
6 8 6 K
6 8 7 I
6 8 8 M
6 8 9 R
6 8 10 G
6 8 11 E
6 8 12 A
7 8 6 K
7 8 7 I
7 8 8 M
7 8 9 R
7 8 10 G
7 8 11 E
7 8 12 A
7 8 13 Y
13 13
8 8 7 I
8 8 8 M
8 8 9 R
8 8 10 G
8 8 11 E
8 8 12 A
8 8 13 Y
8 8 14 H
14 14
9 8 8 M
9 8 9 R
9 8 10 G
9 8 11 E
9 8 12 A
9 8 13 Y
9 8 14 H
9 8 15 K
15 15
1 9 0 Q
1 9 1 V
1 9 2 Y
1 9 3 R
1 9 4 A
1 9 5 F
1 9 6 K
1 9 7 I
1 9 8 M
2 9 1 V
2 9 2 Y
2 9 3 R
2 9 4 A
2 9 5 F
2 9 6 K
2 9 7 I
2 9 8 M
2 9 9 R
9 9
3 9 2 Y
3 9 3 R
3 9 4 A
3 9 5 F
3 9 6 K
3 9 7 I
3 9 8 M
3 9 9 R
3 9 10 G
10 10
4 9 3 R
4 9 4 A
4 9 5 F
4 9 6 K
4 9 7 I
4 9 8 M
4 9 9 R
4 9 10 G
4 9 11 E
11 11
5 9 4 A
5 9 5 F
5 9 6 K
5 9 7 I
5 9 8 M
5 9 9 R
5 9 10 G
5 9 11 E
5 9 12 A
6 9 5 F
6 9 6 K
6 9 7 I
6 9 8 M
6 9 9 R
6 9 10 G
6 9 11 E
6 9 12 A
6 9 13 Y
13 13
7 9 6 K
7 9 7 I
7 9 8 M
7 9 9 R
7 9 10 G
7 9 11 E
7 9 12 A
7 9 13 Y
7 9 14 H
14 14
8 9 7 I
8 9 8 M
8 9 9 R
8 9 10 G
8 9 11 E
8 9 12 A
8 9 13 Y
8 9 14 H
8 9 15 K
15 15
1 10 0 Q
1 10 1 V
1 10 2 Y
1 10 3 R
1 10 4 A
1 10 5 F
1 10 6 K
1 10 7 I
1 10 8 M
1 10 9 R
9 9
2 10 1 V
2 10 2 Y
2 10 3 R
2 10 4 A
2 10 5 F
2 10 6 K
2 10 7 I
2 10 8 M
2 10 9 R
2 10 10 G
10 10
3 10 2 Y
3 10 3 R
3 10 4 A
3 10 5 F
3 10 6 K
3 10 7 I
3 10 8 M
3 10 9 R
3 10 10 G
3 10 11 E
11 11
4 10 3 R
4 10 4 A
4 10 5 F
4 10 6 K
4 10 7 I
4 10 8 M
4 10 9 R
4 10 10 G
4 10 11 E
4 10 12 A
5 10 4 A
5 10 5 F
5 10 6 K
5 10 7 I
5 10 8 M
5 10 9 R
5 10 10 G
5 10 11 E
5 10 12 A
5 10 13 Y
13 13
6 10 5 F
6 10 6 K
6 10 7 I
6 10 8 M
6 10 9 R
6 10 10 G
6 10 11 E
6 10 12 A
6 10 13 Y
6 10 14 H
14 14
7 10 6 K
7 10 7 I
7 10 8 M
7 10 9 R
7 10 10 G
7 10 11 E
7 10 12 A
7 10 13 Y
7 10 14 H
7 10 15 K
15 15
1 11 0 Q
1 11 1 V
1 11 2 Y
1 11 3 R
1 11 4 A
1 11 5 F
1 11 6 K
1 11 7 I
1 11 8 M
1 11 9 R
1 11 10 G
10 10
2 11 1 V
2 11 2 Y
2 11 3 R
2 11 4 A
2 11 5 F
2 11 6 K
2 11 7 I
2 11 8 M
2 11 9 R
2 11 10 G
2 11 11 E
11 11
3 11 2 Y
3 11 3 R
3 11 4 A
3 11 5 F
3 11 6 K
3 11 7 I
3 11 8 M
3 11 9 R
3 11 10 G
3 11 11 E
3 11 12 A
4 11 3 R
4 11 4 A
4 11 5 F
4 11 6 K
4 11 7 I
4 11 8 M
4 11 9 R
4 11 10 G
4 11 11 E
4 11 12 A
4 11 13 Y
13 13
5 11 4 A
5 11 5 F
5 11 6 K
5 11 7 I
5 11 8 M
5 11 9 R
5 11 10 G
5 11 11 E
5 11 12 A
5 11 13 Y
5 11 14 H
14 14
6 11 5 F
6 11 6 K
6 11 7 I
6 11 8 M
6 11 9 R
6 11 10 G
6 11 11 E
6 11 12 A
6 11 13 Y
6 11 14 H
6 11 15 K
15 15
1 12 0 Q
1 12 1 V
1 12 2 Y
1 12 3 R
1 12 4 A
1 12 5 F
1 12 6 K
1 12 7 I
1 12 8 M
1 12 9 R
1 12 10 G
1 12 11 E
11 11
2 12 1 V
2 12 2 Y
2 12 3 R
2 12 4 A
2 12 5 F
2 12 6 K
2 12 7 I
2 12 8 M
2 12 9 R
2 12 10 G
2 12 11 E
2 12 12 A
3 12 2 Y
3 12 3 R
3 12 4 A
3 12 5 F
3 12 6 K
3 12 7 I
3 12 8 M
3 12 9 R
3 12 10 G
3 12 11 E
3 12 12 A
3 12 13 Y
13 13
4 12 3 R
4 12 4 A
4 12 5 F
4 12 6 K
4 12 7 I
4 12 8 M
4 12 9 R
4 12 10 G
4 12 11 E
4 12 12 A
4 12 13 Y
4 12 14 H
14 14
5 12 4 A
5 12 5 F
5 12 6 K
5 12 7 I
5 12 8 M
5 12 9 R
5 12 10 G
5 12 11 E
5 12 12 A
5 12 13 Y
5 12 14 H
5 12 15 K
15 15
1 13 0 Q
1 13 1 V
1 13 2 Y
1 13 3 R
1 13 4 A
1 13 5 F
1 13 6 K
1 13 7 I
1 13 8 M
1 13 9 R
1 13 10 G
1 13 11 E
1 13 12 A
2 13 1 V
2 13 2 Y
2 13 3 R
2 13 4 A
2 13 5 F
2 13 6 K
2 13 7 I
2 13 8 M
2 13 9 R
2 13 10 G
2 13 11 E
2 13 12 A
2 13 13 Y
13 13
3 13 2 Y
3 13 3 R
3 13 4 A
3 13 5 F
3 13 6 K
3 13 7 I
3 13 8 M
3 13 9 R
3 13 10 G
3 13 11 E
3 13 12 A
3 13 13 Y
3 13 14 H
14 14
4 13 3 R
4 13 4 A
4 13 5 F
4 13 6 K
4 13 7 I
4 13 8 M
4 13 9 R
4 13 10 G
4 13 11 E
4 13 12 A
4 13 13 Y
4 13 14 H
4 13 15 K
15 15
1 14 0 Q
1 14 1 V
1 14 2 Y
1 14 3 R
1 14 4 A
1 14 5 F
1 14 6 K
1 14 7 I
1 14 8 M
1 14 9 R
1 14 10 G
1 14 11 E
1 14 12 A
1 14 13 Y
13 13
2 14 1 V
2 14 2 Y
2 14 3 R
2 14 4 A
2 14 5 F
2 14 6 K
2 14 7 I
2 14 8 M
2 14 9 R
2 14 10 G
2 14 11 E
2 14 12 A
2 14 13 Y
2 14 14 H
14 14
3 14 2 Y
3 14 3 R
3 14 4 A
3 14 5 F
3 14 6 K
3 14 7 I
3 14 8 M
3 14 9 R
3 14 10 G
3 14 11 E
3 14 12 A
3 14 13 Y
3 14 14 H
3 14 15 K
15 15
1 15 0 Q
1 15 1 V
1 15 2 Y
1 15 3 R
1 15 4 A
1 15 5 F
1 15 6 K
1 15 7 I
1 15 8 M
1 15 9 R
1 15 10 G
1 15 11 E
1 15 12 A
1 15 13 Y
1 15 14 H
14 14
2 15 1 V
2 15 2 Y
2 15 3 R
2 15 4 A
2 15 5 F
2 15 6 K
2 15 7 I
2 15 8 M
2 15 9 R
2 15 10 G
2 15 11 E
2 15 12 A
2 15 13 Y
2 15 14 H
2 15 15 K
15 15
1 16 0 Q
1 16 1 V
1 16 2 Y
1 16 3 R
1 16 4 A
1 16 5 F
1 16 6 K
1 16 7 I
1 16 8 M
1 16 9 R
1 16 10 G
1 16 11 E
1 16 12 A
1 16 13 Y
1 16 14 H
1 16 15 K
15 15
betaaggr
partition
AGG 0 AMYLO 5.74137 TURN 1.03507 HELIX 0 HELAGG 0 BETA38.6525
