Do you want a prediction per residue?. If yes type Y. Default, N
Type the name of the file with the peptide names, conditions and sequence in one letter code and press Enter
Ficher = A0A0C5B5G6
Nterm = N
Cterm = N
pH = 7
temperatura = 298
ionic = 0.1
Stability = 0
Concentration = 1
aminoacido = MRWQEMGYIFYPRKLR
1 peptides run, last one A0A0C5B5G6 N N 7.00 298.00 0.10 MRWQEMGYIFYPRKLR
1 6 0 M
1 6 1 R
1 6 2 W
1 6 3 Q
1 6 4 E
1 6 5 M
5 5
2 6 1 R
2 6 2 W
2 6 3 Q
2 6 4 E
2 6 5 M
2 6 6 G
6 6
3 6 2 W
3 6 3 Q
3 6 4 E
3 6 5 M
3 6 6 G
3 6 7 Y
7 7
4 6 3 Q
4 6 4 E
4 6 5 M
4 6 6 G
4 6 7 Y
4 6 8 I
8 8
5 6 4 E
5 6 5 M
5 6 6 G
5 6 7 Y
5 6 8 I
5 6 9 F
9 9
6 6 5 M
6 6 6 G
6 6 7 Y
6 6 8 I
6 6 9 F
6 6 10 Y
10 10
7 6 6 G
7 6 7 Y
7 6 8 I
7 6 9 F
7 6 10 Y
7 6 11 P
11 11
8 6 7 Y
8 6 8 I
8 6 9 F
8 6 10 Y
8 6 11 P
8 6 12 R
12 12
9 6 8 I
9 6 9 F
9 6 10 Y
9 6 11 P
9 6 12 R
9 6 13 K
13 13
10 6 9 F
10 6 10 Y
10 6 11 P
10 6 12 R
10 6 13 K
10 6 14 L
14 14
11 6 10 Y
11 6 11 P
11 6 12 R
11 6 13 K
11 6 14 L
11 6 15 R
15 15
1 7 0 M
1 7 1 R
1 7 2 W
1 7 3 Q
1 7 4 E
1 7 5 M
1 7 6 G
6 6
2 7 1 R
2 7 2 W
2 7 3 Q
2 7 4 E
2 7 5 M
2 7 6 G
2 7 7 Y
7 7
3 7 2 W
3 7 3 Q
3 7 4 E
3 7 5 M
3 7 6 G
3 7 7 Y
3 7 8 I
8 8
4 7 3 Q
4 7 4 E
4 7 5 M
4 7 6 G
4 7 7 Y
4 7 8 I
4 7 9 F
9 9
5 7 4 E
5 7 5 M
5 7 6 G
5 7 7 Y
5 7 8 I
5 7 9 F
5 7 10 Y
10 10
6 7 5 M
6 7 6 G
6 7 7 Y
6 7 8 I
6 7 9 F
6 7 10 Y
6 7 11 P
11 11
7 7 6 G
7 7 7 Y
7 7 8 I
7 7 9 F
7 7 10 Y
7 7 11 P
7 7 12 R
12 12
8 7 7 Y
8 7 8 I
8 7 9 F
8 7 10 Y
8 7 11 P
8 7 12 R
8 7 13 K
13 13
9 7 8 I
9 7 9 F
9 7 10 Y
9 7 11 P
9 7 12 R
9 7 13 K
9 7 14 L
14 14
10 7 9 F
10 7 10 Y
10 7 11 P
10 7 12 R
10 7 13 K
10 7 14 L
10 7 15 R
15 15
1 8 0 M
1 8 1 R
1 8 2 W
1 8 3 Q
1 8 4 E
1 8 5 M
1 8 6 G
1 8 7 Y
7 7
2 8 1 R
2 8 2 W
2 8 3 Q
2 8 4 E
2 8 5 M
2 8 6 G
2 8 7 Y
2 8 8 I
8 8
3 8 2 W
3 8 3 Q
3 8 4 E
3 8 5 M
3 8 6 G
3 8 7 Y
3 8 8 I
3 8 9 F
9 9
4 8 3 Q
4 8 4 E
4 8 5 M
4 8 6 G
4 8 7 Y
4 8 8 I
4 8 9 F
4 8 10 Y
10 10
5 8 4 E
5 8 5 M
5 8 6 G
5 8 7 Y
5 8 8 I
5 8 9 F
5 8 10 Y
5 8 11 P
11 11
6 8 5 M
6 8 6 G
6 8 7 Y
6 8 8 I
6 8 9 F
6 8 10 Y
6 8 11 P
6 8 12 R
12 12
7 8 6 G
7 8 7 Y
7 8 8 I
7 8 9 F
7 8 10 Y
7 8 11 P
7 8 12 R
7 8 13 K
13 13
8 8 7 Y
8 8 8 I
8 8 9 F
8 8 10 Y
8 8 11 P
8 8 12 R
8 8 13 K
8 8 14 L
14 14
9 8 8 I
9 8 9 F
9 8 10 Y
9 8 11 P
9 8 12 R
9 8 13 K
9 8 14 L
9 8 15 R
15 15
1 9 0 M
1 9 1 R
1 9 2 W
1 9 3 Q
1 9 4 E
1 9 5 M
1 9 6 G
1 9 7 Y
1 9 8 I
8 8
2 9 1 R
2 9 2 W
2 9 3 Q
2 9 4 E
2 9 5 M
2 9 6 G
2 9 7 Y
2 9 8 I
2 9 9 F
9 9
3 9 2 W
3 9 3 Q
3 9 4 E
3 9 5 M
3 9 6 G
3 9 7 Y
3 9 8 I
3 9 9 F
3 9 10 Y
10 10
4 9 3 Q
4 9 4 E
4 9 5 M
4 9 6 G
4 9 7 Y
4 9 8 I
4 9 9 F
4 9 10 Y
4 9 11 P
11 11
5 9 4 E
5 9 5 M
5 9 6 G
5 9 7 Y
5 9 8 I
5 9 9 F
5 9 10 Y
5 9 11 P
5 9 12 R
12 12
6 9 5 M
6 9 6 G
6 9 7 Y
6 9 8 I
6 9 9 F
6 9 10 Y
6 9 11 P
6 9 12 R
6 9 13 K
13 13
7 9 6 G
7 9 7 Y
7 9 8 I
7 9 9 F
7 9 10 Y
7 9 11 P
7 9 12 R
7 9 13 K
7 9 14 L
14 14
8 9 7 Y
8 9 8 I
8 9 9 F
8 9 10 Y
8 9 11 P
8 9 12 R
8 9 13 K
8 9 14 L
8 9 15 R
15 15
1 10 0 M
1 10 1 R
1 10 2 W
1 10 3 Q
1 10 4 E
1 10 5 M
1 10 6 G
1 10 7 Y
1 10 8 I
1 10 9 F
9 9
2 10 1 R
2 10 2 W
2 10 3 Q
2 10 4 E
2 10 5 M
2 10 6 G
2 10 7 Y
2 10 8 I
2 10 9 F
2 10 10 Y
10 10
3 10 2 W
3 10 3 Q
3 10 4 E
3 10 5 M
3 10 6 G
3 10 7 Y
3 10 8 I
3 10 9 F
3 10 10 Y
3 10 11 P
11 11
4 10 3 Q
4 10 4 E
4 10 5 M
4 10 6 G
4 10 7 Y
4 10 8 I
4 10 9 F
4 10 10 Y
4 10 11 P
4 10 12 R
12 12
5 10 4 E
5 10 5 M
5 10 6 G
5 10 7 Y
5 10 8 I
5 10 9 F
5 10 10 Y
5 10 11 P
5 10 12 R
5 10 13 K
13 13
6 10 5 M
6 10 6 G
6 10 7 Y
6 10 8 I
6 10 9 F
6 10 10 Y
6 10 11 P
6 10 12 R
6 10 13 K
6 10 14 L
14 14
7 10 6 G
7 10 7 Y
7 10 8 I
7 10 9 F
7 10 10 Y
7 10 11 P
7 10 12 R
7 10 13 K
7 10 14 L
7 10 15 R
15 15
1 11 0 M
1 11 1 R
1 11 2 W
1 11 3 Q
1 11 4 E
1 11 5 M
1 11 6 G
1 11 7 Y
1 11 8 I
1 11 9 F
1 11 10 Y
10 10
2 11 1 R
2 11 2 W
2 11 3 Q
2 11 4 E
2 11 5 M
2 11 6 G
2 11 7 Y
2 11 8 I
2 11 9 F
2 11 10 Y
2 11 11 P
11 11
3 11 2 W
3 11 3 Q
3 11 4 E
3 11 5 M
3 11 6 G
3 11 7 Y
3 11 8 I
3 11 9 F
3 11 10 Y
3 11 11 P
3 11 12 R
12 12
4 11 3 Q
4 11 4 E
4 11 5 M
4 11 6 G
4 11 7 Y
4 11 8 I
4 11 9 F
4 11 10 Y
4 11 11 P
4 11 12 R
4 11 13 K
13 13
5 11 4 E
5 11 5 M
5 11 6 G
5 11 7 Y
5 11 8 I
5 11 9 F
5 11 10 Y
5 11 11 P
5 11 12 R
5 11 13 K
5 11 14 L
14 14
6 11 5 M
6 11 6 G
6 11 7 Y
6 11 8 I
6 11 9 F
6 11 10 Y
6 11 11 P
6 11 12 R
6 11 13 K
6 11 14 L
6 11 15 R
15 15
1 12 0 M
1 12 1 R
1 12 2 W
1 12 3 Q
1 12 4 E
1 12 5 M
1 12 6 G
1 12 7 Y
1 12 8 I
1 12 9 F
1 12 10 Y
1 12 11 P
11 11
2 12 1 R
2 12 2 W
2 12 3 Q
2 12 4 E
2 12 5 M
2 12 6 G
2 12 7 Y
2 12 8 I
2 12 9 F
2 12 10 Y
2 12 11 P
2 12 12 R
12 12
3 12 2 W
3 12 3 Q
3 12 4 E
3 12 5 M
3 12 6 G
3 12 7 Y
3 12 8 I
3 12 9 F
3 12 10 Y
3 12 11 P
3 12 12 R
3 12 13 K
13 13
4 12 3 Q
4 12 4 E
4 12 5 M
4 12 6 G
4 12 7 Y
4 12 8 I
4 12 9 F
4 12 10 Y
4 12 11 P
4 12 12 R
4 12 13 K
4 12 14 L
14 14
5 12 4 E
5 12 5 M
5 12 6 G
5 12 7 Y
5 12 8 I
5 12 9 F
5 12 10 Y
5 12 11 P
5 12 12 R
5 12 13 K
5 12 14 L
5 12 15 R
15 15
1 13 0 M
1 13 1 R
1 13 2 W
1 13 3 Q
1 13 4 E
1 13 5 M
1 13 6 G
1 13 7 Y
1 13 8 I
1 13 9 F
1 13 10 Y
1 13 11 P
1 13 12 R
12 12
2 13 1 R
2 13 2 W
2 13 3 Q
2 13 4 E
2 13 5 M
2 13 6 G
2 13 7 Y
2 13 8 I
2 13 9 F
2 13 10 Y
2 13 11 P
2 13 12 R
2 13 13 K
13 13
3 13 2 W
3 13 3 Q
3 13 4 E
3 13 5 M
3 13 6 G
3 13 7 Y
3 13 8 I
3 13 9 F
3 13 10 Y
3 13 11 P
3 13 12 R
3 13 13 K
3 13 14 L
14 14
4 13 3 Q
4 13 4 E
4 13 5 M
4 13 6 G
4 13 7 Y
4 13 8 I
4 13 9 F
4 13 10 Y
4 13 11 P
4 13 12 R
4 13 13 K
4 13 14 L
4 13 15 R
15 15
1 14 0 M
1 14 1 R
1 14 2 W
1 14 3 Q
1 14 4 E
1 14 5 M
1 14 6 G
1 14 7 Y
1 14 8 I
1 14 9 F
1 14 10 Y
1 14 11 P
1 14 12 R
1 14 13 K
13 13
2 14 1 R
2 14 2 W
2 14 3 Q
2 14 4 E
2 14 5 M
2 14 6 G
2 14 7 Y
2 14 8 I
2 14 9 F
2 14 10 Y
2 14 11 P
2 14 12 R
2 14 13 K
2 14 14 L
14 14
3 14 2 W
3 14 3 Q
3 14 4 E
3 14 5 M
3 14 6 G
3 14 7 Y
3 14 8 I
3 14 9 F
3 14 10 Y
3 14 11 P
3 14 12 R
3 14 13 K
3 14 14 L
3 14 15 R
15 15
1 15 0 M
1 15 1 R
1 15 2 W
1 15 3 Q
1 15 4 E
1 15 5 M
1 15 6 G
1 15 7 Y
1 15 8 I
1 15 9 F
1 15 10 Y
1 15 11 P
1 15 12 R
1 15 13 K
1 15 14 L
14 14
2 15 1 R
2 15 2 W
2 15 3 Q
2 15 4 E
2 15 5 M
2 15 6 G
2 15 7 Y
2 15 8 I
2 15 9 F
2 15 10 Y
2 15 11 P
2 15 12 R
2 15 13 K
2 15 14 L
2 15 15 R
15 15
1 16 0 M
1 16 1 R
1 16 2 W
1 16 3 Q
1 16 4 E
1 16 5 M
1 16 6 G
1 16 7 Y
1 16 8 I
1 16 9 F
1 16 10 Y
1 16 11 P
1 16 12 R
1 16 13 K
1 16 14 L
1 16 15 R
15 15
betaaggr
partition
AGG 11.3708 AMYLO 391.681 TURN 1.50269 HELIX 0 HELAGG 0 BETA19.3196
