Do you want a prediction per residue?. If yes type Y. Default, N
Type the name of the file with the peptide names, conditions and sequence in one letter code and press Enter
Ficher = A0A1W7M418
Nterm = N
Cterm = N
pH = 7
temperatura = 298
ionic = 0.1
Stability = 0
Concentration = 1
aminoacido = MCTSIAVVDKNAFHLT
1 peptides run, last one A0A1W7M418 N N 7.00 298.00 0.10 MCTSIAVVDKNAFHLT
1 6 0 M
1 6 1 C
1 6 2 T
1 6 3 S
1 6 4 I
1 6 5 A
2 6 1 C
2 6 2 T
2 6 3 S
2 6 4 I
2 6 5 A
2 6 6 V
6 6
3 6 2 T
3 6 3 S
3 6 4 I
3 6 5 A
3 6 6 V
3 6 7 V
7 7
4 6 3 S
4 6 4 I
4 6 5 A
4 6 6 V
4 6 7 V
4 6 8 D
8 8
5 6 4 I
5 6 5 A
5 6 6 V
5 6 7 V
5 6 8 D
5 6 9 K
6 6 5 A
6 6 6 V
6 6 7 V
6 6 8 D
6 6 9 K
6 6 10 N
10 10
7 6 6 V
7 6 7 V
7 6 8 D
7 6 9 K
7 6 10 N
7 6 11 A
8 6 7 V
8 6 8 D
8 6 9 K
8 6 10 N
8 6 11 A
8 6 12 F
12 12
9 6 8 D
9 6 9 K
9 6 10 N
9 6 11 A
9 6 12 F
9 6 13 H
13 13
10 6 9 K
10 6 10 N
10 6 11 A
10 6 12 F
10 6 13 H
10 6 14 L
14 14
11 6 10 N
11 6 11 A
11 6 12 F
11 6 13 H
11 6 14 L
11 6 15 T
1 7 0 M
1 7 1 C
1 7 2 T
1 7 3 S
1 7 4 I
1 7 5 A
1 7 6 V
6 6
2 7 1 C
2 7 2 T
2 7 3 S
2 7 4 I
2 7 5 A
2 7 6 V
2 7 7 V
7 7
3 7 2 T
3 7 3 S
3 7 4 I
3 7 5 A
3 7 6 V
3 7 7 V
3 7 8 D
8 8
4 7 3 S
4 7 4 I
4 7 5 A
4 7 6 V
4 7 7 V
4 7 8 D
4 7 9 K
5 7 4 I
5 7 5 A
5 7 6 V
5 7 7 V
5 7 8 D
5 7 9 K
5 7 10 N
10 10
6 7 5 A
6 7 6 V
6 7 7 V
6 7 8 D
6 7 9 K
6 7 10 N
6 7 11 A
7 7 6 V
7 7 7 V
7 7 8 D
7 7 9 K
7 7 10 N
7 7 11 A
7 7 12 F
12 12
8 7 7 V
8 7 8 D
8 7 9 K
8 7 10 N
8 7 11 A
8 7 12 F
8 7 13 H
13 13
9 7 8 D
9 7 9 K
9 7 10 N
9 7 11 A
9 7 12 F
9 7 13 H
9 7 14 L
14 14
10 7 9 K
10 7 10 N
10 7 11 A
10 7 12 F
10 7 13 H
10 7 14 L
10 7 15 T
1 8 0 M
1 8 1 C
1 8 2 T
1 8 3 S
1 8 4 I
1 8 5 A
1 8 6 V
1 8 7 V
7 7
2 8 1 C
2 8 2 T
2 8 3 S
2 8 4 I
2 8 5 A
2 8 6 V
2 8 7 V
2 8 8 D
8 8
3 8 2 T
3 8 3 S
3 8 4 I
3 8 5 A
3 8 6 V
3 8 7 V
3 8 8 D
3 8 9 K
4 8 3 S
4 8 4 I
4 8 5 A
4 8 6 V
4 8 7 V
4 8 8 D
4 8 9 K
4 8 10 N
10 10
5 8 4 I
5 8 5 A
5 8 6 V
5 8 7 V
5 8 8 D
5 8 9 K
5 8 10 N
5 8 11 A
6 8 5 A
6 8 6 V
6 8 7 V
6 8 8 D
6 8 9 K
6 8 10 N
6 8 11 A
6 8 12 F
12 12
7 8 6 V
7 8 7 V
7 8 8 D
7 8 9 K
7 8 10 N
7 8 11 A
7 8 12 F
7 8 13 H
13 13
8 8 7 V
8 8 8 D
8 8 9 K
8 8 10 N
8 8 11 A
8 8 12 F
8 8 13 H
8 8 14 L
14 14
9 8 8 D
9 8 9 K
9 8 10 N
9 8 11 A
9 8 12 F
9 8 13 H
9 8 14 L
9 8 15 T
1 9 0 M
1 9 1 C
1 9 2 T
1 9 3 S
1 9 4 I
1 9 5 A
1 9 6 V
1 9 7 V
1 9 8 D
8 8
2 9 1 C
2 9 2 T
2 9 3 S
2 9 4 I
2 9 5 A
2 9 6 V
2 9 7 V
2 9 8 D
2 9 9 K
3 9 2 T
3 9 3 S
3 9 4 I
3 9 5 A
3 9 6 V
3 9 7 V
3 9 8 D
3 9 9 K
3 9 10 N
10 10
4 9 3 S
4 9 4 I
4 9 5 A
4 9 6 V
4 9 7 V
4 9 8 D
4 9 9 K
4 9 10 N
4 9 11 A
5 9 4 I
5 9 5 A
5 9 6 V
5 9 7 V
5 9 8 D
5 9 9 K
5 9 10 N
5 9 11 A
5 9 12 F
12 12
6 9 5 A
6 9 6 V
6 9 7 V
6 9 8 D
6 9 9 K
6 9 10 N
6 9 11 A
6 9 12 F
6 9 13 H
13 13
7 9 6 V
7 9 7 V
7 9 8 D
7 9 9 K
7 9 10 N
7 9 11 A
7 9 12 F
7 9 13 H
7 9 14 L
14 14
8 9 7 V
8 9 8 D
8 9 9 K
8 9 10 N
8 9 11 A
8 9 12 F
8 9 13 H
8 9 14 L
8 9 15 T
1 10 0 M
1 10 1 C
1 10 2 T
1 10 3 S
1 10 4 I
1 10 5 A
1 10 6 V
1 10 7 V
1 10 8 D
1 10 9 K
2 10 1 C
2 10 2 T
2 10 3 S
2 10 4 I
2 10 5 A
2 10 6 V
2 10 7 V
2 10 8 D
2 10 9 K
2 10 10 N
10 10
3 10 2 T
3 10 3 S
3 10 4 I
3 10 5 A
3 10 6 V
3 10 7 V
3 10 8 D
3 10 9 K
3 10 10 N
3 10 11 A
4 10 3 S
4 10 4 I
4 10 5 A
4 10 6 V
4 10 7 V
4 10 8 D
4 10 9 K
4 10 10 N
4 10 11 A
4 10 12 F
12 12
5 10 4 I
5 10 5 A
5 10 6 V
5 10 7 V
5 10 8 D
5 10 9 K
5 10 10 N
5 10 11 A
5 10 12 F
5 10 13 H
13 13
6 10 5 A
6 10 6 V
6 10 7 V
6 10 8 D
6 10 9 K
6 10 10 N
6 10 11 A
6 10 12 F
6 10 13 H
6 10 14 L
14 14
7 10 6 V
7 10 7 V
7 10 8 D
7 10 9 K
7 10 10 N
7 10 11 A
7 10 12 F
7 10 13 H
7 10 14 L
7 10 15 T
1 11 0 M
1 11 1 C
1 11 2 T
1 11 3 S
1 11 4 I
1 11 5 A
1 11 6 V
1 11 7 V
1 11 8 D
1 11 9 K
1 11 10 N
10 10
2 11 1 C
2 11 2 T
2 11 3 S
2 11 4 I
2 11 5 A
2 11 6 V
2 11 7 V
2 11 8 D
2 11 9 K
2 11 10 N
2 11 11 A
3 11 2 T
3 11 3 S
3 11 4 I
3 11 5 A
3 11 6 V
3 11 7 V
3 11 8 D
3 11 9 K
3 11 10 N
3 11 11 A
3 11 12 F
12 12
4 11 3 S
4 11 4 I
4 11 5 A
4 11 6 V
4 11 7 V
4 11 8 D
4 11 9 K
4 11 10 N
4 11 11 A
4 11 12 F
4 11 13 H
13 13
5 11 4 I
5 11 5 A
5 11 6 V
5 11 7 V
5 11 8 D
5 11 9 K
5 11 10 N
5 11 11 A
5 11 12 F
5 11 13 H
5 11 14 L
14 14
6 11 5 A
6 11 6 V
6 11 7 V
6 11 8 D
6 11 9 K
6 11 10 N
6 11 11 A
6 11 12 F
6 11 13 H
6 11 14 L
6 11 15 T
1 12 0 M
1 12 1 C
1 12 2 T
1 12 3 S
1 12 4 I
1 12 5 A
1 12 6 V
1 12 7 V
1 12 8 D
1 12 9 K
1 12 10 N
1 12 11 A
2 12 1 C
2 12 2 T
2 12 3 S
2 12 4 I
2 12 5 A
2 12 6 V
2 12 7 V
2 12 8 D
2 12 9 K
2 12 10 N
2 12 11 A
2 12 12 F
12 12
3 12 2 T
3 12 3 S
3 12 4 I
3 12 5 A
3 12 6 V
3 12 7 V
3 12 8 D
3 12 9 K
3 12 10 N
3 12 11 A
3 12 12 F
3 12 13 H
13 13
4 12 3 S
4 12 4 I
4 12 5 A
4 12 6 V
4 12 7 V
4 12 8 D
4 12 9 K
4 12 10 N
4 12 11 A
4 12 12 F
4 12 13 H
4 12 14 L
14 14
5 12 4 I
5 12 5 A
5 12 6 V
5 12 7 V
5 12 8 D
5 12 9 K
5 12 10 N
5 12 11 A
5 12 12 F
5 12 13 H
5 12 14 L
5 12 15 T
1 13 0 M
1 13 1 C
1 13 2 T
1 13 3 S
1 13 4 I
1 13 5 A
1 13 6 V
1 13 7 V
1 13 8 D
1 13 9 K
1 13 10 N
1 13 11 A
1 13 12 F
12 12
2 13 1 C
2 13 2 T
2 13 3 S
2 13 4 I
2 13 5 A
2 13 6 V
2 13 7 V
2 13 8 D
2 13 9 K
2 13 10 N
2 13 11 A
2 13 12 F
2 13 13 H
13 13
3 13 2 T
3 13 3 S
3 13 4 I
3 13 5 A
3 13 6 V
3 13 7 V
3 13 8 D
3 13 9 K
3 13 10 N
3 13 11 A
3 13 12 F
3 13 13 H
3 13 14 L
14 14
4 13 3 S
4 13 4 I
4 13 5 A
4 13 6 V
4 13 7 V
4 13 8 D
4 13 9 K
4 13 10 N
4 13 11 A
4 13 12 F
4 13 13 H
4 13 14 L
4 13 15 T
1 14 0 M
1 14 1 C
1 14 2 T
1 14 3 S
1 14 4 I
1 14 5 A
1 14 6 V
1 14 7 V
1 14 8 D
1 14 9 K
1 14 10 N
1 14 11 A
1 14 12 F
1 14 13 H
13 13
2 14 1 C
2 14 2 T
2 14 3 S
2 14 4 I
2 14 5 A
2 14 6 V
2 14 7 V
2 14 8 D
2 14 9 K
2 14 10 N
2 14 11 A
2 14 12 F
2 14 13 H
2 14 14 L
14 14
3 14 2 T
3 14 3 S
3 14 4 I
3 14 5 A
3 14 6 V
3 14 7 V
3 14 8 D
3 14 9 K
3 14 10 N
3 14 11 A
3 14 12 F
3 14 13 H
3 14 14 L
3 14 15 T
1 15 0 M
1 15 1 C
1 15 2 T
1 15 3 S
1 15 4 I
1 15 5 A
1 15 6 V
1 15 7 V
1 15 8 D
1 15 9 K
1 15 10 N
1 15 11 A
1 15 12 F
1 15 13 H
1 15 14 L
14 14
2 15 1 C
2 15 2 T
2 15 3 S
2 15 4 I
2 15 5 A
2 15 6 V
2 15 7 V
2 15 8 D
2 15 9 K
2 15 10 N
2 15 11 A
2 15 12 F
2 15 13 H
2 15 14 L
2 15 15 T
1 16 0 M
1 16 1 C
1 16 2 T
1 16 3 S
1 16 4 I
1 16 5 A
1 16 6 V
1 16 7 V
1 16 8 D
1 16 9 K
1 16 10 N
1 16 11 A
1 16 12 F
1 16 13 H
1 16 14 L
1 16 15 T
betaaggr
partition
AGG 161.19 AMYLO 0.0182922 TURN 13.0084 HELIX 0 HELAGG 0 BETA38.2308
