Do you want a prediction per residue?. If yes type Y. Default, N
Type the name of the file with the peptide names, conditions and sequence in one letter code and press Enter
Ficher = A0A1X7HU69
Nterm = N
Cterm = N
pH = 7
temperatura = 298
ionic = 0.1
Stability = 0
Concentration = 1
aminoacido = MVKPRQREYPTLNIVRE
1 peptides run, last one A0A1X7HU69 N N 7.00 298.00 0.10 MVKPRQREYPTLNIVRE
1 6 0 M
1 6 1 V
1 6 2 K
1 6 3 P
1 6 4 R
1 6 5 Q
5 5
2 6 1 V
2 6 2 K
2 6 3 P
2 6 4 R
2 6 5 Q
2 6 6 R
6 6
3 6 2 K
3 6 3 P
3 6 4 R
3 6 5 Q
3 6 6 R
3 6 7 E
7 7
4 6 3 P
4 6 4 R
4 6 5 Q
4 6 6 R
4 6 7 E
4 6 8 Y
8 8
5 6 4 R
5 6 5 Q
5 6 6 R
5 6 7 E
5 6 8 Y
5 6 9 P
9 9
6 6 5 Q
6 6 6 R
6 6 7 E
6 6 8 Y
6 6 9 P
6 6 10 T
10 10
7 6 6 R
7 6 7 E
7 6 8 Y
7 6 9 P
7 6 10 T
7 6 11 L
11 11
8 6 7 E
8 6 8 Y
8 6 9 P
8 6 10 T
8 6 11 L
8 6 12 N
12 12
9 6 8 Y
9 6 9 P
9 6 10 T
9 6 11 L
9 6 12 N
9 6 13 I
13 13
10 6 9 P
10 6 10 T
10 6 11 L
10 6 12 N
10 6 13 I
10 6 14 V
14 14
11 6 10 T
11 6 11 L
11 6 12 N
11 6 13 I
11 6 14 V
11 6 15 R
15 15
12 6 11 L
12 6 12 N
12 6 13 I
12 6 14 V
12 6 15 R
12 6 16 E
16 16
1 7 0 M
1 7 1 V
1 7 2 K
1 7 3 P
1 7 4 R
1 7 5 Q
1 7 6 R
6 6
2 7 1 V
2 7 2 K
2 7 3 P
2 7 4 R
2 7 5 Q
2 7 6 R
2 7 7 E
7 7
3 7 2 K
3 7 3 P
3 7 4 R
3 7 5 Q
3 7 6 R
3 7 7 E
3 7 8 Y
8 8
4 7 3 P
4 7 4 R
4 7 5 Q
4 7 6 R
4 7 7 E
4 7 8 Y
4 7 9 P
9 9
5 7 4 R
5 7 5 Q
5 7 6 R
5 7 7 E
5 7 8 Y
5 7 9 P
5 7 10 T
10 10
6 7 5 Q
6 7 6 R
6 7 7 E
6 7 8 Y
6 7 9 P
6 7 10 T
6 7 11 L
11 11
7 7 6 R
7 7 7 E
7 7 8 Y
7 7 9 P
7 7 10 T
7 7 11 L
7 7 12 N
12 12
8 7 7 E
8 7 8 Y
8 7 9 P
8 7 10 T
8 7 11 L
8 7 12 N
8 7 13 I
13 13
9 7 8 Y
9 7 9 P
9 7 10 T
9 7 11 L
9 7 12 N
9 7 13 I
9 7 14 V
14 14
10 7 9 P
10 7 10 T
10 7 11 L
10 7 12 N
10 7 13 I
10 7 14 V
10 7 15 R
15 15
11 7 10 T
11 7 11 L
11 7 12 N
11 7 13 I
11 7 14 V
11 7 15 R
11 7 16 E
16 16
1 8 0 M
1 8 1 V
1 8 2 K
1 8 3 P
1 8 4 R
1 8 5 Q
1 8 6 R
1 8 7 E
7 7
2 8 1 V
2 8 2 K
2 8 3 P
2 8 4 R
2 8 5 Q
2 8 6 R
2 8 7 E
2 8 8 Y
8 8
3 8 2 K
3 8 3 P
3 8 4 R
3 8 5 Q
3 8 6 R
3 8 7 E
3 8 8 Y
3 8 9 P
9 9
4 8 3 P
4 8 4 R
4 8 5 Q
4 8 6 R
4 8 7 E
4 8 8 Y
4 8 9 P
4 8 10 T
10 10
5 8 4 R
5 8 5 Q
5 8 6 R
5 8 7 E
5 8 8 Y
5 8 9 P
5 8 10 T
5 8 11 L
11 11
6 8 5 Q
6 8 6 R
6 8 7 E
6 8 8 Y
6 8 9 P
6 8 10 T
6 8 11 L
6 8 12 N
12 12
7 8 6 R
7 8 7 E
7 8 8 Y
7 8 9 P
7 8 10 T
7 8 11 L
7 8 12 N
7 8 13 I
13 13
8 8 7 E
8 8 8 Y
8 8 9 P
8 8 10 T
8 8 11 L
8 8 12 N
8 8 13 I
8 8 14 V
14 14
9 8 8 Y
9 8 9 P
9 8 10 T
9 8 11 L
9 8 12 N
9 8 13 I
9 8 14 V
9 8 15 R
15 15
10 8 9 P
10 8 10 T
10 8 11 L
10 8 12 N
10 8 13 I
10 8 14 V
10 8 15 R
10 8 16 E
16 16
1 9 0 M
1 9 1 V
1 9 2 K
1 9 3 P
1 9 4 R
1 9 5 Q
1 9 6 R
1 9 7 E
1 9 8 Y
8 8
2 9 1 V
2 9 2 K
2 9 3 P
2 9 4 R
2 9 5 Q
2 9 6 R
2 9 7 E
2 9 8 Y
2 9 9 P
9 9
3 9 2 K
3 9 3 P
3 9 4 R
3 9 5 Q
3 9 6 R
3 9 7 E
3 9 8 Y
3 9 9 P
3 9 10 T
10 10
4 9 3 P
4 9 4 R
4 9 5 Q
4 9 6 R
4 9 7 E
4 9 8 Y
4 9 9 P
4 9 10 T
4 9 11 L
11 11
5 9 4 R
5 9 5 Q
5 9 6 R
5 9 7 E
5 9 8 Y
5 9 9 P
5 9 10 T
5 9 11 L
5 9 12 N
12 12
6 9 5 Q
6 9 6 R
6 9 7 E
6 9 8 Y
6 9 9 P
6 9 10 T
6 9 11 L
6 9 12 N
6 9 13 I
13 13
7 9 6 R
7 9 7 E
7 9 8 Y
7 9 9 P
7 9 10 T
7 9 11 L
7 9 12 N
7 9 13 I
7 9 14 V
14 14
8 9 7 E
8 9 8 Y
8 9 9 P
8 9 10 T
8 9 11 L
8 9 12 N
8 9 13 I
8 9 14 V
8 9 15 R
15 15
9 9 8 Y
9 9 9 P
9 9 10 T
9 9 11 L
9 9 12 N
9 9 13 I
9 9 14 V
9 9 15 R
9 9 16 E
16 16
1 10 0 M
1 10 1 V
1 10 2 K
1 10 3 P
1 10 4 R
1 10 5 Q
1 10 6 R
1 10 7 E
1 10 8 Y
1 10 9 P
9 9
2 10 1 V
2 10 2 K
2 10 3 P
2 10 4 R
2 10 5 Q
2 10 6 R
2 10 7 E
2 10 8 Y
2 10 9 P
2 10 10 T
10 10
3 10 2 K
3 10 3 P
3 10 4 R
3 10 5 Q
3 10 6 R
3 10 7 E
3 10 8 Y
3 10 9 P
3 10 10 T
3 10 11 L
11 11
4 10 3 P
4 10 4 R
4 10 5 Q
4 10 6 R
4 10 7 E
4 10 8 Y
4 10 9 P
4 10 10 T
4 10 11 L
4 10 12 N
12 12
5 10 4 R
5 10 5 Q
5 10 6 R
5 10 7 E
5 10 8 Y
5 10 9 P
5 10 10 T
5 10 11 L
5 10 12 N
5 10 13 I
13 13
6 10 5 Q
6 10 6 R
6 10 7 E
6 10 8 Y
6 10 9 P
6 10 10 T
6 10 11 L
6 10 12 N
6 10 13 I
6 10 14 V
14 14
7 10 6 R
7 10 7 E
7 10 8 Y
7 10 9 P
7 10 10 T
7 10 11 L
7 10 12 N
7 10 13 I
7 10 14 V
7 10 15 R
15 15
8 10 7 E
8 10 8 Y
8 10 9 P
8 10 10 T
8 10 11 L
8 10 12 N
8 10 13 I
8 10 14 V
8 10 15 R
8 10 16 E
16 16
1 11 0 M
1 11 1 V
1 11 2 K
1 11 3 P
1 11 4 R
1 11 5 Q
1 11 6 R
1 11 7 E
1 11 8 Y
1 11 9 P
1 11 10 T
10 10
2 11 1 V
2 11 2 K
2 11 3 P
2 11 4 R
2 11 5 Q
2 11 6 R
2 11 7 E
2 11 8 Y
2 11 9 P
2 11 10 T
2 11 11 L
11 11
3 11 2 K
3 11 3 P
3 11 4 R
3 11 5 Q
3 11 6 R
3 11 7 E
3 11 8 Y
3 11 9 P
3 11 10 T
3 11 11 L
3 11 12 N
12 12
4 11 3 P
4 11 4 R
4 11 5 Q
4 11 6 R
4 11 7 E
4 11 8 Y
4 11 9 P
4 11 10 T
4 11 11 L
4 11 12 N
4 11 13 I
13 13
5 11 4 R
5 11 5 Q
5 11 6 R
5 11 7 E
5 11 8 Y
5 11 9 P
5 11 10 T
5 11 11 L
5 11 12 N
5 11 13 I
5 11 14 V
14 14
6 11 5 Q
6 11 6 R
6 11 7 E
6 11 8 Y
6 11 9 P
6 11 10 T
6 11 11 L
6 11 12 N
6 11 13 I
6 11 14 V
6 11 15 R
15 15
7 11 6 R
7 11 7 E
7 11 8 Y
7 11 9 P
7 11 10 T
7 11 11 L
7 11 12 N
7 11 13 I
7 11 14 V
7 11 15 R
7 11 16 E
16 16
1 12 0 M
1 12 1 V
1 12 2 K
1 12 3 P
1 12 4 R
1 12 5 Q
1 12 6 R
1 12 7 E
1 12 8 Y
1 12 9 P
1 12 10 T
1 12 11 L
11 11
2 12 1 V
2 12 2 K
2 12 3 P
2 12 4 R
2 12 5 Q
2 12 6 R
2 12 7 E
2 12 8 Y
2 12 9 P
2 12 10 T
2 12 11 L
2 12 12 N
12 12
3 12 2 K
3 12 3 P
3 12 4 R
3 12 5 Q
3 12 6 R
3 12 7 E
3 12 8 Y
3 12 9 P
3 12 10 T
3 12 11 L
3 12 12 N
3 12 13 I
13 13
4 12 3 P
4 12 4 R
4 12 5 Q
4 12 6 R
4 12 7 E
4 12 8 Y
4 12 9 P
4 12 10 T
4 12 11 L
4 12 12 N
4 12 13 I
4 12 14 V
14 14
5 12 4 R
5 12 5 Q
5 12 6 R
5 12 7 E
5 12 8 Y
5 12 9 P
5 12 10 T
5 12 11 L
5 12 12 N
5 12 13 I
5 12 14 V
5 12 15 R
15 15
6 12 5 Q
6 12 6 R
6 12 7 E
6 12 8 Y
6 12 9 P
6 12 10 T
6 12 11 L
6 12 12 N
6 12 13 I
6 12 14 V
6 12 15 R
6 12 16 E
16 16
1 13 0 M
1 13 1 V
1 13 2 K
1 13 3 P
1 13 4 R
1 13 5 Q
1 13 6 R
1 13 7 E
1 13 8 Y
1 13 9 P
1 13 10 T
1 13 11 L
1 13 12 N
12 12
2 13 1 V
2 13 2 K
2 13 3 P
2 13 4 R
2 13 5 Q
2 13 6 R
2 13 7 E
2 13 8 Y
2 13 9 P
2 13 10 T
2 13 11 L
2 13 12 N
2 13 13 I
13 13
3 13 2 K
3 13 3 P
3 13 4 R
3 13 5 Q
3 13 6 R
3 13 7 E
3 13 8 Y
3 13 9 P
3 13 10 T
3 13 11 L
3 13 12 N
3 13 13 I
3 13 14 V
14 14
4 13 3 P
4 13 4 R
4 13 5 Q
4 13 6 R
4 13 7 E
4 13 8 Y
4 13 9 P
4 13 10 T
4 13 11 L
4 13 12 N
4 13 13 I
4 13 14 V
4 13 15 R
15 15
5 13 4 R
5 13 5 Q
5 13 6 R
5 13 7 E
5 13 8 Y
5 13 9 P
5 13 10 T
5 13 11 L
5 13 12 N
5 13 13 I
5 13 14 V
5 13 15 R
5 13 16 E
16 16
1 14 0 M
1 14 1 V
1 14 2 K
1 14 3 P
1 14 4 R
1 14 5 Q
1 14 6 R
1 14 7 E
1 14 8 Y
1 14 9 P
1 14 10 T
1 14 11 L
1 14 12 N
1 14 13 I
13 13
2 14 1 V
2 14 2 K
2 14 3 P
2 14 4 R
2 14 5 Q
2 14 6 R
2 14 7 E
2 14 8 Y
2 14 9 P
2 14 10 T
2 14 11 L
2 14 12 N
2 14 13 I
2 14 14 V
14 14
3 14 2 K
3 14 3 P
3 14 4 R
3 14 5 Q
3 14 6 R
3 14 7 E
3 14 8 Y
3 14 9 P
3 14 10 T
3 14 11 L
3 14 12 N
3 14 13 I
3 14 14 V
3 14 15 R
15 15
4 14 3 P
4 14 4 R
4 14 5 Q
4 14 6 R
4 14 7 E
4 14 8 Y
4 14 9 P
4 14 10 T
4 14 11 L
4 14 12 N
4 14 13 I
4 14 14 V
4 14 15 R
4 14 16 E
16 16
1 15 0 M
1 15 1 V
1 15 2 K
1 15 3 P
1 15 4 R
1 15 5 Q
1 15 6 R
1 15 7 E
1 15 8 Y
1 15 9 P
1 15 10 T
1 15 11 L
1 15 12 N
1 15 13 I
1 15 14 V
14 14
2 15 1 V
2 15 2 K
2 15 3 P
2 15 4 R
2 15 5 Q
2 15 6 R
2 15 7 E
2 15 8 Y
2 15 9 P
2 15 10 T
2 15 11 L
2 15 12 N
2 15 13 I
2 15 14 V
2 15 15 R
15 15
3 15 2 K
3 15 3 P
3 15 4 R
3 15 5 Q
3 15 6 R
3 15 7 E
3 15 8 Y
3 15 9 P
3 15 10 T
3 15 11 L
3 15 12 N
3 15 13 I
3 15 14 V
3 15 15 R
3 15 16 E
16 16
1 16 0 M
1 16 1 V
1 16 2 K
1 16 3 P
1 16 4 R
1 16 5 Q
1 16 6 R
1 16 7 E
1 16 8 Y
1 16 9 P
1 16 10 T
1 16 11 L
1 16 12 N
1 16 13 I
1 16 14 V
1 16 15 R
15 15
2 16 1 V
2 16 2 K
2 16 3 P
2 16 4 R
2 16 5 Q
2 16 6 R
2 16 7 E
2 16 8 Y
2 16 9 P
2 16 10 T
2 16 11 L
2 16 12 N
2 16 13 I
2 16 14 V
2 16 15 R
2 16 16 E
16 16
1 17 0 M
1 17 1 V
1 17 2 K
1 17 3 P
1 17 4 R
1 17 5 Q
1 17 6 R
1 17 7 E
1 17 8 Y
1 17 9 P
1 17 10 T
1 17 11 L
1 17 12 N
1 17 13 I
1 17 14 V
1 17 15 R
1 17 16 E
16 16
betaaggr
partition
AGG 6.19833 AMYLO 86.2978 TURN 3.28146 HELIX 0.817661 HELAGG 0 BETA46.7806
