Do you want a prediction per residue?. If yes type Y. Default, N
Type the name of the file with the peptide names, conditions and sequence in one letter code and press Enter
Ficher = A0A2T9HKB9
Nterm = N
Cterm = N
pH = 7
temperatura = 298
ionic = 0.1
Stability = 0
Concentration = 1
aminoacido = MKLTRFFFAFFFIFP
1 peptides run, last one A0A2T9HKB9 N N 7.00 298.00 0.10 MKLTRFFFAFFFIFP
1 6 0 M
1 6 1 K
1 6 2 L
1 6 3 T
1 6 4 R
1 6 5 F
5 5
2 6 1 K
2 6 2 L
2 6 3 T
2 6 4 R
2 6 5 F
2 6 6 F
6 6
3 6 2 L
3 6 3 T
3 6 4 R
3 6 5 F
3 6 6 F
3 6 7 F
7 7
4 6 3 T
4 6 4 R
4 6 5 F
4 6 6 F
4 6 7 F
4 6 8 A
5 6 4 R
5 6 5 F
5 6 6 F
5 6 7 F
5 6 8 A
5 6 9 F
9 9
6 6 5 F
6 6 6 F
6 6 7 F
6 6 8 A
6 6 9 F
6 6 10 F
10 10
7 6 6 F
7 6 7 F
7 6 8 A
7 6 9 F
7 6 10 F
7 6 11 F
11 11
8 6 7 F
8 6 8 A
8 6 9 F
8 6 10 F
8 6 11 F
8 6 12 I
9 6 8 A
9 6 9 F
9 6 10 F
9 6 11 F
9 6 12 I
9 6 13 F
13 13
10 6 9 F
10 6 10 F
10 6 11 F
10 6 12 I
10 6 13 F
10 6 14 P
14 14
1 7 0 M
1 7 1 K
1 7 2 L
1 7 3 T
1 7 4 R
1 7 5 F
1 7 6 F
6 6
2 7 1 K
2 7 2 L
2 7 3 T
2 7 4 R
2 7 5 F
2 7 6 F
2 7 7 F
7 7
3 7 2 L
3 7 3 T
3 7 4 R
3 7 5 F
3 7 6 F
3 7 7 F
3 7 8 A
4 7 3 T
4 7 4 R
4 7 5 F
4 7 6 F
4 7 7 F
4 7 8 A
4 7 9 F
9 9
5 7 4 R
5 7 5 F
5 7 6 F
5 7 7 F
5 7 8 A
5 7 9 F
5 7 10 F
10 10
6 7 5 F
6 7 6 F
6 7 7 F
6 7 8 A
6 7 9 F
6 7 10 F
6 7 11 F
11 11
7 7 6 F
7 7 7 F
7 7 8 A
7 7 9 F
7 7 10 F
7 7 11 F
7 7 12 I
8 7 7 F
8 7 8 A
8 7 9 F
8 7 10 F
8 7 11 F
8 7 12 I
8 7 13 F
13 13
9 7 8 A
9 7 9 F
9 7 10 F
9 7 11 F
9 7 12 I
9 7 13 F
9 7 14 P
14 14
1 8 0 M
1 8 1 K
1 8 2 L
1 8 3 T
1 8 4 R
1 8 5 F
1 8 6 F
1 8 7 F
7 7
2 8 1 K
2 8 2 L
2 8 3 T
2 8 4 R
2 8 5 F
2 8 6 F
2 8 7 F
2 8 8 A
3 8 2 L
3 8 3 T
3 8 4 R
3 8 5 F
3 8 6 F
3 8 7 F
3 8 8 A
3 8 9 F
9 9
4 8 3 T
4 8 4 R
4 8 5 F
4 8 6 F
4 8 7 F
4 8 8 A
4 8 9 F
4 8 10 F
10 10
5 8 4 R
5 8 5 F
5 8 6 F
5 8 7 F
5 8 8 A
5 8 9 F
5 8 10 F
5 8 11 F
11 11
6 8 5 F
6 8 6 F
6 8 7 F
6 8 8 A
6 8 9 F
6 8 10 F
6 8 11 F
6 8 12 I
7 8 6 F
7 8 7 F
7 8 8 A
7 8 9 F
7 8 10 F
7 8 11 F
7 8 12 I
7 8 13 F
13 13
8 8 7 F
8 8 8 A
8 8 9 F
8 8 10 F
8 8 11 F
8 8 12 I
8 8 13 F
8 8 14 P
14 14
1 9 0 M
1 9 1 K
1 9 2 L
1 9 3 T
1 9 4 R
1 9 5 F
1 9 6 F
1 9 7 F
1 9 8 A
2 9 1 K
2 9 2 L
2 9 3 T
2 9 4 R
2 9 5 F
2 9 6 F
2 9 7 F
2 9 8 A
2 9 9 F
9 9
3 9 2 L
3 9 3 T
3 9 4 R
3 9 5 F
3 9 6 F
3 9 7 F
3 9 8 A
3 9 9 F
3 9 10 F
10 10
4 9 3 T
4 9 4 R
4 9 5 F
4 9 6 F
4 9 7 F
4 9 8 A
4 9 9 F
4 9 10 F
4 9 11 F
11 11
5 9 4 R
5 9 5 F
5 9 6 F
5 9 7 F
5 9 8 A
5 9 9 F
5 9 10 F
5 9 11 F
5 9 12 I
6 9 5 F
6 9 6 F
6 9 7 F
6 9 8 A
6 9 9 F
6 9 10 F
6 9 11 F
6 9 12 I
6 9 13 F
13 13
7 9 6 F
7 9 7 F
7 9 8 A
7 9 9 F
7 9 10 F
7 9 11 F
7 9 12 I
7 9 13 F
7 9 14 P
14 14
1 10 0 M
1 10 1 K
1 10 2 L
1 10 3 T
1 10 4 R
1 10 5 F
1 10 6 F
1 10 7 F
1 10 8 A
1 10 9 F
9 9
2 10 1 K
2 10 2 L
2 10 3 T
2 10 4 R
2 10 5 F
2 10 6 F
2 10 7 F
2 10 8 A
2 10 9 F
2 10 10 F
10 10
3 10 2 L
3 10 3 T
3 10 4 R
3 10 5 F
3 10 6 F
3 10 7 F
3 10 8 A
3 10 9 F
3 10 10 F
3 10 11 F
11 11
4 10 3 T
4 10 4 R
4 10 5 F
4 10 6 F
4 10 7 F
4 10 8 A
4 10 9 F
4 10 10 F
4 10 11 F
4 10 12 I
5 10 4 R
5 10 5 F
5 10 6 F
5 10 7 F
5 10 8 A
5 10 9 F
5 10 10 F
5 10 11 F
5 10 12 I
5 10 13 F
13 13
6 10 5 F
6 10 6 F
6 10 7 F
6 10 8 A
6 10 9 F
6 10 10 F
6 10 11 F
6 10 12 I
6 10 13 F
6 10 14 P
14 14
1 11 0 M
1 11 1 K
1 11 2 L
1 11 3 T
1 11 4 R
1 11 5 F
1 11 6 F
1 11 7 F
1 11 8 A
1 11 9 F
1 11 10 F
10 10
2 11 1 K
2 11 2 L
2 11 3 T
2 11 4 R
2 11 5 F
2 11 6 F
2 11 7 F
2 11 8 A
2 11 9 F
2 11 10 F
2 11 11 F
11 11
3 11 2 L
3 11 3 T
3 11 4 R
3 11 5 F
3 11 6 F
3 11 7 F
3 11 8 A
3 11 9 F
3 11 10 F
3 11 11 F
3 11 12 I
4 11 3 T
4 11 4 R
4 11 5 F
4 11 6 F
4 11 7 F
4 11 8 A
4 11 9 F
4 11 10 F
4 11 11 F
4 11 12 I
4 11 13 F
13 13
5 11 4 R
5 11 5 F
5 11 6 F
5 11 7 F
5 11 8 A
5 11 9 F
5 11 10 F
5 11 11 F
5 11 12 I
5 11 13 F
5 11 14 P
14 14
1 12 0 M
1 12 1 K
1 12 2 L
1 12 3 T
1 12 4 R
1 12 5 F
1 12 6 F
1 12 7 F
1 12 8 A
1 12 9 F
1 12 10 F
1 12 11 F
11 11
2 12 1 K
2 12 2 L
2 12 3 T
2 12 4 R
2 12 5 F
2 12 6 F
2 12 7 F
2 12 8 A
2 12 9 F
2 12 10 F
2 12 11 F
2 12 12 I
3 12 2 L
3 12 3 T
3 12 4 R
3 12 5 F
3 12 6 F
3 12 7 F
3 12 8 A
3 12 9 F
3 12 10 F
3 12 11 F
3 12 12 I
3 12 13 F
13 13
4 12 3 T
4 12 4 R
4 12 5 F
4 12 6 F
4 12 7 F
4 12 8 A
4 12 9 F
4 12 10 F
4 12 11 F
4 12 12 I
4 12 13 F
4 12 14 P
14 14
1 13 0 M
1 13 1 K
1 13 2 L
1 13 3 T
1 13 4 R
1 13 5 F
1 13 6 F
1 13 7 F
1 13 8 A
1 13 9 F
1 13 10 F
1 13 11 F
1 13 12 I
2 13 1 K
2 13 2 L
2 13 3 T
2 13 4 R
2 13 5 F
2 13 6 F
2 13 7 F
2 13 8 A
2 13 9 F
2 13 10 F
2 13 11 F
2 13 12 I
2 13 13 F
13 13
3 13 2 L
3 13 3 T
3 13 4 R
3 13 5 F
3 13 6 F
3 13 7 F
3 13 8 A
3 13 9 F
3 13 10 F
3 13 11 F
3 13 12 I
3 13 13 F
3 13 14 P
14 14
1 14 0 M
1 14 1 K
1 14 2 L
1 14 3 T
1 14 4 R
1 14 5 F
1 14 6 F
1 14 7 F
1 14 8 A
1 14 9 F
1 14 10 F
1 14 11 F
1 14 12 I
1 14 13 F
13 13
2 14 1 K
2 14 2 L
2 14 3 T
2 14 4 R
2 14 5 F
2 14 6 F
2 14 7 F
2 14 8 A
2 14 9 F
2 14 10 F
2 14 11 F
2 14 12 I
2 14 13 F
2 14 14 P
14 14
1 15 0 M
1 15 1 K
1 15 2 L
1 15 3 T
1 15 4 R
1 15 5 F
1 15 6 F
1 15 7 F
1 15 8 A
1 15 9 F
1 15 10 F
1 15 11 F
1 15 12 I
1 15 13 F
1 15 14 P
14 14
betaaggr
partition
AGG 807.622 AMYLO 1202.18 TURN 0.22918 HELIX 0 HELAGG 0 BETA39.6579
