Do you want a prediction per residue?. If yes type Y. Default, N
Type the name of the file with the peptide names, conditions and sequence in one letter code and press Enter
Ficher = A0A2T9HMR5
Nterm = N
Cterm = N
pH = 7
temperatura = 298
ionic = 0.1
Stability = 0
Concentration = 1
aminoacido = MNAAIFRFFFYFST
1 peptides run, last one A0A2T9HMR5 N N 7.00 298.00 0.10 MNAAIFRFFFYFST
1 6 0 M
1 6 1 N
1 6 2 A
1 6 3 A
1 6 4 I
1 6 5 F
5 5
2 6 1 N
2 6 2 A
2 6 3 A
2 6 4 I
2 6 5 F
2 6 6 R
3 6 2 A
3 6 3 A
3 6 4 I
3 6 5 F
3 6 6 R
3 6 7 F
4 6 3 A
4 6 4 I
4 6 5 F
4 6 6 R
4 6 7 F
4 6 8 F
8 8
5 6 4 I
5 6 5 F
5 6 6 R
5 6 7 F
5 6 8 F
5 6 9 F
9 9
6 6 5 F
6 6 6 R
6 6 7 F
6 6 8 F
6 6 9 F
6 6 10 Y
10 10
7 6 6 R
7 6 7 F
7 6 8 F
7 6 9 F
7 6 10 Y
7 6 11 F
11 11
8 6 7 F
8 6 8 F
8 6 9 F
8 6 10 Y
8 6 11 F
8 6 12 S
12 12
9 6 8 F
9 6 9 F
9 6 10 Y
9 6 11 F
9 6 12 S
9 6 13 T
13 13
1 7 0 M
1 7 1 N
1 7 2 A
1 7 3 A
1 7 4 I
1 7 5 F
1 7 6 R
2 7 1 N
2 7 2 A
2 7 3 A
2 7 4 I
2 7 5 F
2 7 6 R
2 7 7 F
3 7 2 A
3 7 3 A
3 7 4 I
3 7 5 F
3 7 6 R
3 7 7 F
3 7 8 F
8 8
4 7 3 A
4 7 4 I
4 7 5 F
4 7 6 R
4 7 7 F
4 7 8 F
4 7 9 F
9 9
5 7 4 I
5 7 5 F
5 7 6 R
5 7 7 F
5 7 8 F
5 7 9 F
5 7 10 Y
10 10
6 7 5 F
6 7 6 R
6 7 7 F
6 7 8 F
6 7 9 F
6 7 10 Y
6 7 11 F
11 11
7 7 6 R
7 7 7 F
7 7 8 F
7 7 9 F
7 7 10 Y
7 7 11 F
7 7 12 S
12 12
8 7 7 F
8 7 8 F
8 7 9 F
8 7 10 Y
8 7 11 F
8 7 12 S
8 7 13 T
13 13
1 8 0 M
1 8 1 N
1 8 2 A
1 8 3 A
1 8 4 I
1 8 5 F
1 8 6 R
1 8 7 F
2 8 1 N
2 8 2 A
2 8 3 A
2 8 4 I
2 8 5 F
2 8 6 R
2 8 7 F
2 8 8 F
8 8
3 8 2 A
3 8 3 A
3 8 4 I
3 8 5 F
3 8 6 R
3 8 7 F
3 8 8 F
3 8 9 F
9 9
4 8 3 A
4 8 4 I
4 8 5 F
4 8 6 R
4 8 7 F
4 8 8 F
4 8 9 F
4 8 10 Y
10 10
5 8 4 I
5 8 5 F
5 8 6 R
5 8 7 F
5 8 8 F
5 8 9 F
5 8 10 Y
5 8 11 F
11 11
6 8 5 F
6 8 6 R
6 8 7 F
6 8 8 F
6 8 9 F
6 8 10 Y
6 8 11 F
6 8 12 S
12 12
7 8 6 R
7 8 7 F
7 8 8 F
7 8 9 F
7 8 10 Y
7 8 11 F
7 8 12 S
7 8 13 T
13 13
1 9 0 M
1 9 1 N
1 9 2 A
1 9 3 A
1 9 4 I
1 9 5 F
1 9 6 R
1 9 7 F
1 9 8 F
8 8
2 9 1 N
2 9 2 A
2 9 3 A
2 9 4 I
2 9 5 F
2 9 6 R
2 9 7 F
2 9 8 F
2 9 9 F
9 9
3 9 2 A
3 9 3 A
3 9 4 I
3 9 5 F
3 9 6 R
3 9 7 F
3 9 8 F
3 9 9 F
3 9 10 Y
10 10
4 9 3 A
4 9 4 I
4 9 5 F
4 9 6 R
4 9 7 F
4 9 8 F
4 9 9 F
4 9 10 Y
4 9 11 F
11 11
5 9 4 I
5 9 5 F
5 9 6 R
5 9 7 F
5 9 8 F
5 9 9 F
5 9 10 Y
5 9 11 F
5 9 12 S
12 12
6 9 5 F
6 9 6 R
6 9 7 F
6 9 8 F
6 9 9 F
6 9 10 Y
6 9 11 F
6 9 12 S
6 9 13 T
13 13
1 10 0 M
1 10 1 N
1 10 2 A
1 10 3 A
1 10 4 I
1 10 5 F
1 10 6 R
1 10 7 F
1 10 8 F
1 10 9 F
9 9
2 10 1 N
2 10 2 A
2 10 3 A
2 10 4 I
2 10 5 F
2 10 6 R
2 10 7 F
2 10 8 F
2 10 9 F
2 10 10 Y
10 10
3 10 2 A
3 10 3 A
3 10 4 I
3 10 5 F
3 10 6 R
3 10 7 F
3 10 8 F
3 10 9 F
3 10 10 Y
3 10 11 F
11 11
4 10 3 A
4 10 4 I
4 10 5 F
4 10 6 R
4 10 7 F
4 10 8 F
4 10 9 F
4 10 10 Y
4 10 11 F
4 10 12 S
12 12
5 10 4 I
5 10 5 F
5 10 6 R
5 10 7 F
5 10 8 F
5 10 9 F
5 10 10 Y
5 10 11 F
5 10 12 S
5 10 13 T
13 13
1 11 0 M
1 11 1 N
1 11 2 A
1 11 3 A
1 11 4 I
1 11 5 F
1 11 6 R
1 11 7 F
1 11 8 F
1 11 9 F
1 11 10 Y
10 10
2 11 1 N
2 11 2 A
2 11 3 A
2 11 4 I
2 11 5 F
2 11 6 R
2 11 7 F
2 11 8 F
2 11 9 F
2 11 10 Y
2 11 11 F
11 11
3 11 2 A
3 11 3 A
3 11 4 I
3 11 5 F
3 11 6 R
3 11 7 F
3 11 8 F
3 11 9 F
3 11 10 Y
3 11 11 F
3 11 12 S
12 12
4 11 3 A
4 11 4 I
4 11 5 F
4 11 6 R
4 11 7 F
4 11 8 F
4 11 9 F
4 11 10 Y
4 11 11 F
4 11 12 S
4 11 13 T
13 13
1 12 0 M
1 12 1 N
1 12 2 A
1 12 3 A
1 12 4 I
1 12 5 F
1 12 6 R
1 12 7 F
1 12 8 F
1 12 9 F
1 12 10 Y
1 12 11 F
11 11
2 12 1 N
2 12 2 A
2 12 3 A
2 12 4 I
2 12 5 F
2 12 6 R
2 12 7 F
2 12 8 F
2 12 9 F
2 12 10 Y
2 12 11 F
2 12 12 S
12 12
3 12 2 A
3 12 3 A
3 12 4 I
3 12 5 F
3 12 6 R
3 12 7 F
3 12 8 F
3 12 9 F
3 12 10 Y
3 12 11 F
3 12 12 S
3 12 13 T
13 13
1 13 0 M
1 13 1 N
1 13 2 A
1 13 3 A
1 13 4 I
1 13 5 F
1 13 6 R
1 13 7 F
1 13 8 F
1 13 9 F
1 13 10 Y
1 13 11 F
1 13 12 S
12 12
2 13 1 N
2 13 2 A
2 13 3 A
2 13 4 I
2 13 5 F
2 13 6 R
2 13 7 F
2 13 8 F
2 13 9 F
2 13 10 Y
2 13 11 F
2 13 12 S
2 13 13 T
13 13
1 14 0 M
1 14 1 N
1 14 2 A
1 14 3 A
1 14 4 I
1 14 5 F
1 14 6 R
1 14 7 F
1 14 8 F
1 14 9 F
1 14 10 Y
1 14 11 F
1 14 12 S
1 14 13 T
13 13
betaaggr
partition
AGG 521.629 AMYLO 3273.18 TURN 0.125342 HELIX 3.14094 HELAGG 0 BETA39.6213
