Do you want a prediction per residue?. If yes type Y. Default, N
Type the name of the file with the peptide names, conditions and sequence in one letter code and press Enter
Ficher = A0A2T4PXE8
Nterm = N
Cterm = N
pH = 7
temperatura = 298
ionic = 0.1
Stability = 0
Concentration = 1
aminoacido = MAADLISTIGDLVK
1 peptides run, last one A0A2T4PXE8 N N 7.00 298.00 0.10 MAADLISTIGDLVK
1 6 0 M
1 6 1 A
1 6 2 A
1 6 3 D
1 6 4 L
1 6 5 I
2 6 1 A
2 6 2 A
2 6 3 D
2 6 4 L
2 6 5 I
2 6 6 S
3 6 2 A
3 6 3 D
3 6 4 L
3 6 5 I
3 6 6 S
3 6 7 T
7 7
4 6 3 D
4 6 4 L
4 6 5 I
4 6 6 S
4 6 7 T
4 6 8 I
8 8
5 6 4 L
5 6 5 I
5 6 6 S
5 6 7 T
5 6 8 I
5 6 9 G
9 9
6 6 5 I
6 6 6 S
6 6 7 T
6 6 8 I
6 6 9 G
6 6 10 D
10 10
7 6 6 S
7 6 7 T
7 6 8 I
7 6 9 G
7 6 10 D
7 6 11 L
11 11
8 6 7 T
8 6 8 I
8 6 9 G
8 6 10 D
8 6 11 L
8 6 12 V
12 12
9 6 8 I
9 6 9 G
9 6 10 D
9 6 11 L
9 6 12 V
9 6 13 K
13 13
1 7 0 M
1 7 1 A
1 7 2 A
1 7 3 D
1 7 4 L
1 7 5 I
1 7 6 S
2 7 1 A
2 7 2 A
2 7 3 D
2 7 4 L
2 7 5 I
2 7 6 S
2 7 7 T
7 7
3 7 2 A
3 7 3 D
3 7 4 L
3 7 5 I
3 7 6 S
3 7 7 T
3 7 8 I
8 8
4 7 3 D
4 7 4 L
4 7 5 I
4 7 6 S
4 7 7 T
4 7 8 I
4 7 9 G
9 9
5 7 4 L
5 7 5 I
5 7 6 S
5 7 7 T
5 7 8 I
5 7 9 G
5 7 10 D
10 10
6 7 5 I
6 7 6 S
6 7 7 T
6 7 8 I
6 7 9 G
6 7 10 D
6 7 11 L
11 11
7 7 6 S
7 7 7 T
7 7 8 I
7 7 9 G
7 7 10 D
7 7 11 L
7 7 12 V
12 12
8 7 7 T
8 7 8 I
8 7 9 G
8 7 10 D
8 7 11 L
8 7 12 V
8 7 13 K
13 13
1 8 0 M
1 8 1 A
1 8 2 A
1 8 3 D
1 8 4 L
1 8 5 I
1 8 6 S
1 8 7 T
7 7
2 8 1 A
2 8 2 A
2 8 3 D
2 8 4 L
2 8 5 I
2 8 6 S
2 8 7 T
2 8 8 I
8 8
3 8 2 A
3 8 3 D
3 8 4 L
3 8 5 I
3 8 6 S
3 8 7 T
3 8 8 I
3 8 9 G
9 9
4 8 3 D
4 8 4 L
4 8 5 I
4 8 6 S
4 8 7 T
4 8 8 I
4 8 9 G
4 8 10 D
10 10
5 8 4 L
5 8 5 I
5 8 6 S
5 8 7 T
5 8 8 I
5 8 9 G
5 8 10 D
5 8 11 L
11 11
6 8 5 I
6 8 6 S
6 8 7 T
6 8 8 I
6 8 9 G
6 8 10 D
6 8 11 L
6 8 12 V
12 12
7 8 6 S
7 8 7 T
7 8 8 I
7 8 9 G
7 8 10 D
7 8 11 L
7 8 12 V
7 8 13 K
13 13
1 9 0 M
1 9 1 A
1 9 2 A
1 9 3 D
1 9 4 L
1 9 5 I
1 9 6 S
1 9 7 T
1 9 8 I
8 8
2 9 1 A
2 9 2 A
2 9 3 D
2 9 4 L
2 9 5 I
2 9 6 S
2 9 7 T
2 9 8 I
2 9 9 G
9 9
3 9 2 A
3 9 3 D
3 9 4 L
3 9 5 I
3 9 6 S
3 9 7 T
3 9 8 I
3 9 9 G
3 9 10 D
10 10
4 9 3 D
4 9 4 L
4 9 5 I
4 9 6 S
4 9 7 T
4 9 8 I
4 9 9 G
4 9 10 D
4 9 11 L
11 11
5 9 4 L
5 9 5 I
5 9 6 S
5 9 7 T
5 9 8 I
5 9 9 G
5 9 10 D
5 9 11 L
5 9 12 V
12 12
6 9 5 I
6 9 6 S
6 9 7 T
6 9 8 I
6 9 9 G
6 9 10 D
6 9 11 L
6 9 12 V
6 9 13 K
13 13
1 10 0 M
1 10 1 A
1 10 2 A
1 10 3 D
1 10 4 L
1 10 5 I
1 10 6 S
1 10 7 T
1 10 8 I
1 10 9 G
9 9
2 10 1 A
2 10 2 A
2 10 3 D
2 10 4 L
2 10 5 I
2 10 6 S
2 10 7 T
2 10 8 I
2 10 9 G
2 10 10 D
10 10
3 10 2 A
3 10 3 D
3 10 4 L
3 10 5 I
3 10 6 S
3 10 7 T
3 10 8 I
3 10 9 G
3 10 10 D
3 10 11 L
11 11
4 10 3 D
4 10 4 L
4 10 5 I
4 10 6 S
4 10 7 T
4 10 8 I
4 10 9 G
4 10 10 D
4 10 11 L
4 10 12 V
12 12
5 10 4 L
5 10 5 I
5 10 6 S
5 10 7 T
5 10 8 I
5 10 9 G
5 10 10 D
5 10 11 L
5 10 12 V
5 10 13 K
13 13
1 11 0 M
1 11 1 A
1 11 2 A
1 11 3 D
1 11 4 L
1 11 5 I
1 11 6 S
1 11 7 T
1 11 8 I
1 11 9 G
1 11 10 D
10 10
2 11 1 A
2 11 2 A
2 11 3 D
2 11 4 L
2 11 5 I
2 11 6 S
2 11 7 T
2 11 8 I
2 11 9 G
2 11 10 D
2 11 11 L
11 11
3 11 2 A
3 11 3 D
3 11 4 L
3 11 5 I
3 11 6 S
3 11 7 T
3 11 8 I
3 11 9 G
3 11 10 D
3 11 11 L
3 11 12 V
12 12
4 11 3 D
4 11 4 L
4 11 5 I
4 11 6 S
4 11 7 T
4 11 8 I
4 11 9 G
4 11 10 D
4 11 11 L
4 11 12 V
4 11 13 K
13 13
1 12 0 M
1 12 1 A
1 12 2 A
1 12 3 D
1 12 4 L
1 12 5 I
1 12 6 S
1 12 7 T
1 12 8 I
1 12 9 G
1 12 10 D
1 12 11 L
11 11
2 12 1 A
2 12 2 A
2 12 3 D
2 12 4 L
2 12 5 I
2 12 6 S
2 12 7 T
2 12 8 I
2 12 9 G
2 12 10 D
2 12 11 L
2 12 12 V
12 12
3 12 2 A
3 12 3 D
3 12 4 L
3 12 5 I
3 12 6 S
3 12 7 T
3 12 8 I
3 12 9 G
3 12 10 D
3 12 11 L
3 12 12 V
3 12 13 K
13 13
1 13 0 M
1 13 1 A
1 13 2 A
1 13 3 D
1 13 4 L
1 13 5 I
1 13 6 S
1 13 7 T
1 13 8 I
1 13 9 G
1 13 10 D
1 13 11 L
1 13 12 V
12 12
2 13 1 A
2 13 2 A
2 13 3 D
2 13 4 L
2 13 5 I
2 13 6 S
2 13 7 T
2 13 8 I
2 13 9 G
2 13 10 D
2 13 11 L
2 13 12 V
2 13 13 K
13 13
1 14 0 M
1 14 1 A
1 14 2 A
1 14 3 D
1 14 4 L
1 14 5 I
1 14 6 S
1 14 7 T
1 14 8 I
1 14 9 G
1 14 10 D
1 14 11 L
1 14 12 V
1 14 13 K
13 13
betaaggr
partition
AGG 3.2811 AMYLO 4742.92 TURN 10.2081 HELIX 0 HELAGG 0 BETA9.32468
