Do you want a prediction per residue?. If yes type Y. Default, N
Type the name of the file with the peptide names, conditions and sequence in one letter code and press Enter
Ficher = A0A232SZZ3
Nterm = N
Cterm = N
pH = 7
temperatura = 298
ionic = 0.1
Stability = 0
Concentration = 1
aminoacido = MAATFALHGWWRTS
1 peptides run, last one A0A232SZZ3 N N 7.00 298.00 0.10 MAATFALHGWWRTS
1 6 0 M
1 6 1 A
1 6 2 A
1 6 3 T
1 6 4 F
1 6 5 A
2 6 1 A
2 6 2 A
2 6 3 T
2 6 4 F
2 6 5 A
2 6 6 L
3 6 2 A
3 6 3 T
3 6 4 F
3 6 5 A
3 6 6 L
3 6 7 H
7 7
4 6 3 T
4 6 4 F
4 6 5 A
4 6 6 L
4 6 7 H
4 6 8 G
8 8
5 6 4 F
5 6 5 A
5 6 6 L
5 6 7 H
5 6 8 G
5 6 9 W
6 6 5 A
6 6 6 L
6 6 7 H
6 6 8 G
6 6 9 W
6 6 10 W
10 10
7 6 6 L
7 6 7 H
7 6 8 G
7 6 9 W
7 6 10 W
7 6 11 R
11 11
8 6 7 H
8 6 8 G
8 6 9 W
8 6 10 W
8 6 11 R
8 6 12 T
12 12
9 6 8 G
9 6 9 W
9 6 10 W
9 6 11 R
9 6 12 T
9 6 13 S
13 13
1 7 0 M
1 7 1 A
1 7 2 A
1 7 3 T
1 7 4 F
1 7 5 A
1 7 6 L
2 7 1 A
2 7 2 A
2 7 3 T
2 7 4 F
2 7 5 A
2 7 6 L
2 7 7 H
7 7
3 7 2 A
3 7 3 T
3 7 4 F
3 7 5 A
3 7 6 L
3 7 7 H
3 7 8 G
8 8
4 7 3 T
4 7 4 F
4 7 5 A
4 7 6 L
4 7 7 H
4 7 8 G
4 7 9 W
5 7 4 F
5 7 5 A
5 7 6 L
5 7 7 H
5 7 8 G
5 7 9 W
5 7 10 W
10 10
6 7 5 A
6 7 6 L
6 7 7 H
6 7 8 G
6 7 9 W
6 7 10 W
6 7 11 R
11 11
7 7 6 L
7 7 7 H
7 7 8 G
7 7 9 W
7 7 10 W
7 7 11 R
7 7 12 T
12 12
8 7 7 H
8 7 8 G
8 7 9 W
8 7 10 W
8 7 11 R
8 7 12 T
8 7 13 S
13 13
1 8 0 M
1 8 1 A
1 8 2 A
1 8 3 T
1 8 4 F
1 8 5 A
1 8 6 L
1 8 7 H
7 7
2 8 1 A
2 8 2 A
2 8 3 T
2 8 4 F
2 8 5 A
2 8 6 L
2 8 7 H
2 8 8 G
8 8
3 8 2 A
3 8 3 T
3 8 4 F
3 8 5 A
3 8 6 L
3 8 7 H
3 8 8 G
3 8 9 W
4 8 3 T
4 8 4 F
4 8 5 A
4 8 6 L
4 8 7 H
4 8 8 G
4 8 9 W
4 8 10 W
10 10
5 8 4 F
5 8 5 A
5 8 6 L
5 8 7 H
5 8 8 G
5 8 9 W
5 8 10 W
5 8 11 R
11 11
6 8 5 A
6 8 6 L
6 8 7 H
6 8 8 G
6 8 9 W
6 8 10 W
6 8 11 R
6 8 12 T
12 12
7 8 6 L
7 8 7 H
7 8 8 G
7 8 9 W
7 8 10 W
7 8 11 R
7 8 12 T
7 8 13 S
13 13
1 9 0 M
1 9 1 A
1 9 2 A
1 9 3 T
1 9 4 F
1 9 5 A
1 9 6 L
1 9 7 H
1 9 8 G
8 8
2 9 1 A
2 9 2 A
2 9 3 T
2 9 4 F
2 9 5 A
2 9 6 L
2 9 7 H
2 9 8 G
2 9 9 W
3 9 2 A
3 9 3 T
3 9 4 F
3 9 5 A
3 9 6 L
3 9 7 H
3 9 8 G
3 9 9 W
3 9 10 W
10 10
4 9 3 T
4 9 4 F
4 9 5 A
4 9 6 L
4 9 7 H
4 9 8 G
4 9 9 W
4 9 10 W
4 9 11 R
11 11
5 9 4 F
5 9 5 A
5 9 6 L
5 9 7 H
5 9 8 G
5 9 9 W
5 9 10 W
5 9 11 R
5 9 12 T
12 12
6 9 5 A
6 9 6 L
6 9 7 H
6 9 8 G
6 9 9 W
6 9 10 W
6 9 11 R
6 9 12 T
6 9 13 S
13 13
1 10 0 M
1 10 1 A
1 10 2 A
1 10 3 T
1 10 4 F
1 10 5 A
1 10 6 L
1 10 7 H
1 10 8 G
1 10 9 W
2 10 1 A
2 10 2 A
2 10 3 T
2 10 4 F
2 10 5 A
2 10 6 L
2 10 7 H
2 10 8 G
2 10 9 W
2 10 10 W
10 10
3 10 2 A
3 10 3 T
3 10 4 F
3 10 5 A
3 10 6 L
3 10 7 H
3 10 8 G
3 10 9 W
3 10 10 W
3 10 11 R
11 11
4 10 3 T
4 10 4 F
4 10 5 A
4 10 6 L
4 10 7 H
4 10 8 G
4 10 9 W
4 10 10 W
4 10 11 R
4 10 12 T
12 12
5 10 4 F
5 10 5 A
5 10 6 L
5 10 7 H
5 10 8 G
5 10 9 W
5 10 10 W
5 10 11 R
5 10 12 T
5 10 13 S
13 13
1 11 0 M
1 11 1 A
1 11 2 A
1 11 3 T
1 11 4 F
1 11 5 A
1 11 6 L
1 11 7 H
1 11 8 G
1 11 9 W
1 11 10 W
10 10
2 11 1 A
2 11 2 A
2 11 3 T
2 11 4 F
2 11 5 A
2 11 6 L
2 11 7 H
2 11 8 G
2 11 9 W
2 11 10 W
2 11 11 R
11 11
3 11 2 A
3 11 3 T
3 11 4 F
3 11 5 A
3 11 6 L
3 11 7 H
3 11 8 G
3 11 9 W
3 11 10 W
3 11 11 R
3 11 12 T
12 12
4 11 3 T
4 11 4 F
4 11 5 A
4 11 6 L
4 11 7 H
4 11 8 G
4 11 9 W
4 11 10 W
4 11 11 R
4 11 12 T
4 11 13 S
13 13
1 12 0 M
1 12 1 A
1 12 2 A
1 12 3 T
1 12 4 F
1 12 5 A
1 12 6 L
1 12 7 H
1 12 8 G
1 12 9 W
1 12 10 W
1 12 11 R
11 11
2 12 1 A
2 12 2 A
2 12 3 T
2 12 4 F
2 12 5 A
2 12 6 L
2 12 7 H
2 12 8 G
2 12 9 W
2 12 10 W
2 12 11 R
2 12 12 T
12 12
3 12 2 A
3 12 3 T
3 12 4 F
3 12 5 A
3 12 6 L
3 12 7 H
3 12 8 G
3 12 9 W
3 12 10 W
3 12 11 R
3 12 12 T
3 12 13 S
13 13
1 13 0 M
1 13 1 A
1 13 2 A
1 13 3 T
1 13 4 F
1 13 5 A
1 13 6 L
1 13 7 H
1 13 8 G
1 13 9 W
1 13 10 W
1 13 11 R
1 13 12 T
12 12
2 13 1 A
2 13 2 A
2 13 3 T
2 13 4 F
2 13 5 A
2 13 6 L
2 13 7 H
2 13 8 G
2 13 9 W
2 13 10 W
2 13 11 R
2 13 12 T
2 13 13 S
13 13
1 14 0 M
1 14 1 A
1 14 2 A
1 14 3 T
1 14 4 F
1 14 5 A
1 14 6 L
1 14 7 H
1 14 8 G
1 14 9 W
1 14 10 W
1 14 11 R
1 14 12 T
1 14 13 S
13 13
betaaggr
partition
AGG 19.0875 AMYLO 5399.96 TURN 3.30953 HELIX 0 HELAGG 0 BETA21.2387
