Do you want a prediction per residue?. If yes type Y. Default, N
Type the name of the file with the peptide names, conditions and sequence in one letter code and press Enter
Ficher = A0A2T9HEY0
Nterm = N
Cterm = N
pH = 7
temperatura = 298
ionic = 0.1
Stability = 0
Concentration = 1
aminoacido = MIERELGNWKDFIEVMLRK
1 peptides run, last one A0A2T9HEY0 N N 7.00 298.00 0.10 MIERELGNWKDFIEVMLRK
1 6 0 M
1 6 1 I
1 6 2 E
1 6 3 R
1 6 4 E
1 6 5 L
5 5
2 6 1 I
2 6 2 E
2 6 3 R
2 6 4 E
2 6 5 L
2 6 6 G
6 6
3 6 2 E
3 6 3 R
3 6 4 E
3 6 5 L
3 6 6 G
3 6 7 N
7 7
4 6 3 R
4 6 4 E
4 6 5 L
4 6 6 G
4 6 7 N
4 6 8 W
8 8
5 6 4 E
5 6 5 L
5 6 6 G
5 6 7 N
5 6 8 W
5 6 9 K
9 9
6 6 5 L
6 6 6 G
6 6 7 N
6 6 8 W
6 6 9 K
6 6 10 D
10 10
7 6 6 G
7 6 7 N
7 6 8 W
7 6 9 K
7 6 10 D
7 6 11 F
11 11
8 6 7 N
8 6 8 W
8 6 9 K
8 6 10 D
8 6 11 F
8 6 12 I
12 12
9 6 8 W
9 6 9 K
9 6 10 D
9 6 11 F
9 6 12 I
9 6 13 E
13 13
10 6 9 K
10 6 10 D
10 6 11 F
10 6 12 I
10 6 13 E
10 6 14 V
14 14
11 6 10 D
11 6 11 F
11 6 12 I
11 6 13 E
11 6 14 V
11 6 15 M
15 15
12 6 11 F
12 6 12 I
12 6 13 E
12 6 14 V
12 6 15 M
12 6 16 L
16 16
13 6 12 I
13 6 13 E
13 6 14 V
13 6 15 M
13 6 16 L
13 6 17 R
17 17
14 6 13 E
14 6 14 V
14 6 15 M
14 6 16 L
14 6 17 R
14 6 18 K
18 18
1 7 0 M
1 7 1 I
1 7 2 E
1 7 3 R
1 7 4 E
1 7 5 L
1 7 6 G
6 6
2 7 1 I
2 7 2 E
2 7 3 R
2 7 4 E
2 7 5 L
2 7 6 G
2 7 7 N
7 7
3 7 2 E
3 7 3 R
3 7 4 E
3 7 5 L
3 7 6 G
3 7 7 N
3 7 8 W
8 8
4 7 3 R
4 7 4 E
4 7 5 L
4 7 6 G
4 7 7 N
4 7 8 W
4 7 9 K
9 9
5 7 4 E
5 7 5 L
5 7 6 G
5 7 7 N
5 7 8 W
5 7 9 K
5 7 10 D
10 10
6 7 5 L
6 7 6 G
6 7 7 N
6 7 8 W
6 7 9 K
6 7 10 D
6 7 11 F
11 11
7 7 6 G
7 7 7 N
7 7 8 W
7 7 9 K
7 7 10 D
7 7 11 F
7 7 12 I
12 12
8 7 7 N
8 7 8 W
8 7 9 K
8 7 10 D
8 7 11 F
8 7 12 I
8 7 13 E
13 13
9 7 8 W
9 7 9 K
9 7 10 D
9 7 11 F
9 7 12 I
9 7 13 E
9 7 14 V
14 14
10 7 9 K
10 7 10 D
10 7 11 F
10 7 12 I
10 7 13 E
10 7 14 V
10 7 15 M
15 15
11 7 10 D
11 7 11 F
11 7 12 I
11 7 13 E
11 7 14 V
11 7 15 M
11 7 16 L
16 16
12 7 11 F
12 7 12 I
12 7 13 E
12 7 14 V
12 7 15 M
12 7 16 L
12 7 17 R
17 17
13 7 12 I
13 7 13 E
13 7 14 V
13 7 15 M
13 7 16 L
13 7 17 R
13 7 18 K
18 18
1 8 0 M
1 8 1 I
1 8 2 E
1 8 3 R
1 8 4 E
1 8 5 L
1 8 6 G
1 8 7 N
7 7
2 8 1 I
2 8 2 E
2 8 3 R
2 8 4 E
2 8 5 L
2 8 6 G
2 8 7 N
2 8 8 W
8 8
3 8 2 E
3 8 3 R
3 8 4 E
3 8 5 L
3 8 6 G
3 8 7 N
3 8 8 W
3 8 9 K
9 9
4 8 3 R
4 8 4 E
4 8 5 L
4 8 6 G
4 8 7 N
4 8 8 W
4 8 9 K
4 8 10 D
10 10
5 8 4 E
5 8 5 L
5 8 6 G
5 8 7 N
5 8 8 W
5 8 9 K
5 8 10 D
5 8 11 F
11 11
6 8 5 L
6 8 6 G
6 8 7 N
6 8 8 W
6 8 9 K
6 8 10 D
6 8 11 F
6 8 12 I
12 12
7 8 6 G
7 8 7 N
7 8 8 W
7 8 9 K
7 8 10 D
7 8 11 F
7 8 12 I
7 8 13 E
13 13
8 8 7 N
8 8 8 W
8 8 9 K
8 8 10 D
8 8 11 F
8 8 12 I
8 8 13 E
8 8 14 V
14 14
9 8 8 W
9 8 9 K
9 8 10 D
9 8 11 F
9 8 12 I
9 8 13 E
9 8 14 V
9 8 15 M
15 15
10 8 9 K
10 8 10 D
10 8 11 F
10 8 12 I
10 8 13 E
10 8 14 V
10 8 15 M
10 8 16 L
16 16
11 8 10 D
11 8 11 F
11 8 12 I
11 8 13 E
11 8 14 V
11 8 15 M
11 8 16 L
11 8 17 R
17 17
12 8 11 F
12 8 12 I
12 8 13 E
12 8 14 V
12 8 15 M
12 8 16 L
12 8 17 R
12 8 18 K
18 18
1 9 0 M
1 9 1 I
1 9 2 E
1 9 3 R
1 9 4 E
1 9 5 L
1 9 6 G
1 9 7 N
1 9 8 W
8 8
2 9 1 I
2 9 2 E
2 9 3 R
2 9 4 E
2 9 5 L
2 9 6 G
2 9 7 N
2 9 8 W
2 9 9 K
9 9
3 9 2 E
3 9 3 R
3 9 4 E
3 9 5 L
3 9 6 G
3 9 7 N
3 9 8 W
3 9 9 K
3 9 10 D
10 10
4 9 3 R
4 9 4 E
4 9 5 L
4 9 6 G
4 9 7 N
4 9 8 W
4 9 9 K
4 9 10 D
4 9 11 F
11 11
5 9 4 E
5 9 5 L
5 9 6 G
5 9 7 N
5 9 8 W
5 9 9 K
5 9 10 D
5 9 11 F
5 9 12 I
12 12
6 9 5 L
6 9 6 G
6 9 7 N
6 9 8 W
6 9 9 K
6 9 10 D
6 9 11 F
6 9 12 I
6 9 13 E
13 13
7 9 6 G
7 9 7 N
7 9 8 W
7 9 9 K
7 9 10 D
7 9 11 F
7 9 12 I
7 9 13 E
7 9 14 V
14 14
8 9 7 N
8 9 8 W
8 9 9 K
8 9 10 D
8 9 11 F
8 9 12 I
8 9 13 E
8 9 14 V
8 9 15 M
15 15
9 9 8 W
9 9 9 K
9 9 10 D
9 9 11 F
9 9 12 I
9 9 13 E
9 9 14 V
9 9 15 M
9 9 16 L
16 16
10 9 9 K
10 9 10 D
10 9 11 F
10 9 12 I
10 9 13 E
10 9 14 V
10 9 15 M
10 9 16 L
10 9 17 R
17 17
11 9 10 D
11 9 11 F
11 9 12 I
11 9 13 E
11 9 14 V
11 9 15 M
11 9 16 L
11 9 17 R
11 9 18 K
18 18
1 10 0 M
1 10 1 I
1 10 2 E
1 10 3 R
1 10 4 E
1 10 5 L
1 10 6 G
1 10 7 N
1 10 8 W
1 10 9 K
9 9
2 10 1 I
2 10 2 E
2 10 3 R
2 10 4 E
2 10 5 L
2 10 6 G
2 10 7 N
2 10 8 W
2 10 9 K
2 10 10 D
10 10
3 10 2 E
3 10 3 R
3 10 4 E
3 10 5 L
3 10 6 G
3 10 7 N
3 10 8 W
3 10 9 K
3 10 10 D
3 10 11 F
11 11
4 10 3 R
4 10 4 E
4 10 5 L
4 10 6 G
4 10 7 N
4 10 8 W
4 10 9 K
4 10 10 D
4 10 11 F
4 10 12 I
12 12
5 10 4 E
5 10 5 L
5 10 6 G
5 10 7 N
5 10 8 W
5 10 9 K
5 10 10 D
5 10 11 F
5 10 12 I
5 10 13 E
13 13
6 10 5 L
6 10 6 G
6 10 7 N
6 10 8 W
6 10 9 K
6 10 10 D
6 10 11 F
6 10 12 I
6 10 13 E
6 10 14 V
14 14
7 10 6 G
7 10 7 N
7 10 8 W
7 10 9 K
7 10 10 D
7 10 11 F
7 10 12 I
7 10 13 E
7 10 14 V
7 10 15 M
15 15
8 10 7 N
8 10 8 W
8 10 9 K
8 10 10 D
8 10 11 F
8 10 12 I
8 10 13 E
8 10 14 V
8 10 15 M
8 10 16 L
16 16
9 10 8 W
9 10 9 K
9 10 10 D
9 10 11 F
9 10 12 I
9 10 13 E
9 10 14 V
9 10 15 M
9 10 16 L
9 10 17 R
17 17
10 10 9 K
10 10 10 D
10 10 11 F
10 10 12 I
10 10 13 E
10 10 14 V
10 10 15 M
10 10 16 L
10 10 17 R
10 10 18 K
18 18
1 11 0 M
1 11 1 I
1 11 2 E
1 11 3 R
1 11 4 E
1 11 5 L
1 11 6 G
1 11 7 N
1 11 8 W
1 11 9 K
1 11 10 D
10 10
2 11 1 I
2 11 2 E
2 11 3 R
2 11 4 E
2 11 5 L
2 11 6 G
2 11 7 N
2 11 8 W
2 11 9 K
2 11 10 D
2 11 11 F
11 11
3 11 2 E
3 11 3 R
3 11 4 E
3 11 5 L
3 11 6 G
3 11 7 N
3 11 8 W
3 11 9 K
3 11 10 D
3 11 11 F
3 11 12 I
12 12
4 11 3 R
4 11 4 E
4 11 5 L
4 11 6 G
4 11 7 N
4 11 8 W
4 11 9 K
4 11 10 D
4 11 11 F
4 11 12 I
4 11 13 E
13 13
5 11 4 E
5 11 5 L
5 11 6 G
5 11 7 N
5 11 8 W
5 11 9 K
5 11 10 D
5 11 11 F
5 11 12 I
5 11 13 E
5 11 14 V
14 14
6 11 5 L
6 11 6 G
6 11 7 N
6 11 8 W
6 11 9 K
6 11 10 D
6 11 11 F
6 11 12 I
6 11 13 E
6 11 14 V
6 11 15 M
15 15
7 11 6 G
7 11 7 N
7 11 8 W
7 11 9 K
7 11 10 D
7 11 11 F
7 11 12 I
7 11 13 E
7 11 14 V
7 11 15 M
7 11 16 L
16 16
8 11 7 N
8 11 8 W
8 11 9 K
8 11 10 D
8 11 11 F
8 11 12 I
8 11 13 E
8 11 14 V
8 11 15 M
8 11 16 L
8 11 17 R
17 17
9 11 8 W
9 11 9 K
9 11 10 D
9 11 11 F
9 11 12 I
9 11 13 E
9 11 14 V
9 11 15 M
9 11 16 L
9 11 17 R
9 11 18 K
18 18
1 12 0 M
1 12 1 I
1 12 2 E
1 12 3 R
1 12 4 E
1 12 5 L
1 12 6 G
1 12 7 N
1 12 8 W
1 12 9 K
1 12 10 D
1 12 11 F
11 11
2 12 1 I
2 12 2 E
2 12 3 R
2 12 4 E
2 12 5 L
2 12 6 G
2 12 7 N
2 12 8 W
2 12 9 K
2 12 10 D
2 12 11 F
2 12 12 I
12 12
3 12 2 E
3 12 3 R
3 12 4 E
3 12 5 L
3 12 6 G
3 12 7 N
3 12 8 W
3 12 9 K
3 12 10 D
3 12 11 F
3 12 12 I
3 12 13 E
13 13
4 12 3 R
4 12 4 E
4 12 5 L
4 12 6 G
4 12 7 N
4 12 8 W
4 12 9 K
4 12 10 D
4 12 11 F
4 12 12 I
4 12 13 E
4 12 14 V
14 14
5 12 4 E
5 12 5 L
5 12 6 G
5 12 7 N
5 12 8 W
5 12 9 K
5 12 10 D
5 12 11 F
5 12 12 I
5 12 13 E
5 12 14 V
5 12 15 M
15 15
6 12 5 L
6 12 6 G
6 12 7 N
6 12 8 W
6 12 9 K
6 12 10 D
6 12 11 F
6 12 12 I
6 12 13 E
6 12 14 V
6 12 15 M
6 12 16 L
16 16
7 12 6 G
7 12 7 N
7 12 8 W
7 12 9 K
7 12 10 D
7 12 11 F
7 12 12 I
7 12 13 E
7 12 14 V
7 12 15 M
7 12 16 L
7 12 17 R
17 17
8 12 7 N
8 12 8 W
8 12 9 K
8 12 10 D
8 12 11 F
8 12 12 I
8 12 13 E
8 12 14 V
8 12 15 M
8 12 16 L
8 12 17 R
8 12 18 K
18 18
1 13 0 M
1 13 1 I
1 13 2 E
1 13 3 R
1 13 4 E
1 13 5 L
1 13 6 G
1 13 7 N
1 13 8 W
1 13 9 K
1 13 10 D
1 13 11 F
1 13 12 I
12 12
2 13 1 I
2 13 2 E
2 13 3 R
2 13 4 E
2 13 5 L
2 13 6 G
2 13 7 N
2 13 8 W
2 13 9 K
2 13 10 D
2 13 11 F
2 13 12 I
2 13 13 E
13 13
3 13 2 E
3 13 3 R
3 13 4 E
3 13 5 L
3 13 6 G
3 13 7 N
3 13 8 W
3 13 9 K
3 13 10 D
3 13 11 F
3 13 12 I
3 13 13 E
3 13 14 V
14 14
4 13 3 R
4 13 4 E
4 13 5 L
4 13 6 G
4 13 7 N
4 13 8 W
4 13 9 K
4 13 10 D
4 13 11 F
4 13 12 I
4 13 13 E
4 13 14 V
4 13 15 M
15 15
5 13 4 E
5 13 5 L
5 13 6 G
5 13 7 N
5 13 8 W
5 13 9 K
5 13 10 D
5 13 11 F
5 13 12 I
5 13 13 E
5 13 14 V
5 13 15 M
5 13 16 L
16 16
6 13 5 L
6 13 6 G
6 13 7 N
6 13 8 W
6 13 9 K
6 13 10 D
6 13 11 F
6 13 12 I
6 13 13 E
6 13 14 V
6 13 15 M
6 13 16 L
6 13 17 R
17 17
7 13 6 G
7 13 7 N
7 13 8 W
7 13 9 K
7 13 10 D
7 13 11 F
7 13 12 I
7 13 13 E
7 13 14 V
7 13 15 M
7 13 16 L
7 13 17 R
7 13 18 K
18 18
1 14 0 M
1 14 1 I
1 14 2 E
1 14 3 R
1 14 4 E
1 14 5 L
1 14 6 G
1 14 7 N
1 14 8 W
1 14 9 K
1 14 10 D
1 14 11 F
1 14 12 I
1 14 13 E
13 13
2 14 1 I
2 14 2 E
2 14 3 R
2 14 4 E
2 14 5 L
2 14 6 G
2 14 7 N
2 14 8 W
2 14 9 K
2 14 10 D
2 14 11 F
2 14 12 I
2 14 13 E
2 14 14 V
14 14
3 14 2 E
3 14 3 R
3 14 4 E
3 14 5 L
3 14 6 G
3 14 7 N
3 14 8 W
3 14 9 K
3 14 10 D
3 14 11 F
3 14 12 I
3 14 13 E
3 14 14 V
3 14 15 M
15 15
4 14 3 R
4 14 4 E
4 14 5 L
4 14 6 G
4 14 7 N
4 14 8 W
4 14 9 K
4 14 10 D
4 14 11 F
4 14 12 I
4 14 13 E
4 14 14 V
4 14 15 M
4 14 16 L
16 16
5 14 4 E
5 14 5 L
5 14 6 G
5 14 7 N
5 14 8 W
5 14 9 K
5 14 10 D
5 14 11 F
5 14 12 I
5 14 13 E
5 14 14 V
5 14 15 M
5 14 16 L
5 14 17 R
17 17
6 14 5 L
6 14 6 G
6 14 7 N
6 14 8 W
6 14 9 K
6 14 10 D
6 14 11 F
6 14 12 I
6 14 13 E
6 14 14 V
6 14 15 M
6 14 16 L
6 14 17 R
6 14 18 K
18 18
1 15 0 M
1 15 1 I
1 15 2 E
1 15 3 R
1 15 4 E
1 15 5 L
1 15 6 G
1 15 7 N
1 15 8 W
1 15 9 K
1 15 10 D
1 15 11 F
1 15 12 I
1 15 13 E
1 15 14 V
14 14
2 15 1 I
2 15 2 E
2 15 3 R
2 15 4 E
2 15 5 L
2 15 6 G
2 15 7 N
2 15 8 W
2 15 9 K
2 15 10 D
2 15 11 F
2 15 12 I
2 15 13 E
2 15 14 V
2 15 15 M
15 15
3 15 2 E
3 15 3 R
3 15 4 E
3 15 5 L
3 15 6 G
3 15 7 N
3 15 8 W
3 15 9 K
3 15 10 D
3 15 11 F
3 15 12 I
3 15 13 E
3 15 14 V
3 15 15 M
3 15 16 L
16 16
4 15 3 R
4 15 4 E
4 15 5 L
4 15 6 G
4 15 7 N
4 15 8 W
4 15 9 K
4 15 10 D
4 15 11 F
4 15 12 I
4 15 13 E
4 15 14 V
4 15 15 M
4 15 16 L
4 15 17 R
17 17
5 15 4 E
5 15 5 L
5 15 6 G
5 15 7 N
5 15 8 W
5 15 9 K
5 15 10 D
5 15 11 F
5 15 12 I
5 15 13 E
5 15 14 V
5 15 15 M
5 15 16 L
5 15 17 R
5 15 18 K
18 18
1 16 0 M
1 16 1 I
1 16 2 E
1 16 3 R
1 16 4 E
1 16 5 L
1 16 6 G
1 16 7 N
1 16 8 W
1 16 9 K
1 16 10 D
1 16 11 F
1 16 12 I
1 16 13 E
1 16 14 V
1 16 15 M
15 15
2 16 1 I
2 16 2 E
2 16 3 R
2 16 4 E
2 16 5 L
2 16 6 G
2 16 7 N
2 16 8 W
2 16 9 K
2 16 10 D
2 16 11 F
2 16 12 I
2 16 13 E
2 16 14 V
2 16 15 M
2 16 16 L
16 16
3 16 2 E
3 16 3 R
3 16 4 E
3 16 5 L
3 16 6 G
3 16 7 N
3 16 8 W
3 16 9 K
3 16 10 D
3 16 11 F
3 16 12 I
3 16 13 E
3 16 14 V
3 16 15 M
3 16 16 L
3 16 17 R
17 17
4 16 3 R
4 16 4 E
4 16 5 L
4 16 6 G
4 16 7 N
4 16 8 W
4 16 9 K
4 16 10 D
4 16 11 F
4 16 12 I
4 16 13 E
4 16 14 V
4 16 15 M
4 16 16 L
4 16 17 R
4 16 18 K
18 18
1 17 0 M
1 17 1 I
1 17 2 E
1 17 3 R
1 17 4 E
1 17 5 L
1 17 6 G
1 17 7 N
1 17 8 W
1 17 9 K
1 17 10 D
1 17 11 F
1 17 12 I
1 17 13 E
1 17 14 V
1 17 15 M
1 17 16 L
16 16
2 17 1 I
2 17 2 E
2 17 3 R
2 17 4 E
2 17 5 L
2 17 6 G
2 17 7 N
2 17 8 W
2 17 9 K
2 17 10 D
2 17 11 F
2 17 12 I
2 17 13 E
2 17 14 V
2 17 15 M
2 17 16 L
2 17 17 R
17 17
3 17 2 E
3 17 3 R
3 17 4 E
3 17 5 L
3 17 6 G
3 17 7 N
3 17 8 W
3 17 9 K
3 17 10 D
3 17 11 F
3 17 12 I
3 17 13 E
3 17 14 V
3 17 15 M
3 17 16 L
3 17 17 R
3 17 18 K
18 18
1 18 0 M
1 18 1 I
1 18 2 E
1 18 3 R
1 18 4 E
1 18 5 L
1 18 6 G
1 18 7 N
1 18 8 W
1 18 9 K
1 18 10 D
1 18 11 F
1 18 12 I
1 18 13 E
1 18 14 V
1 18 15 M
1 18 16 L
1 18 17 R
17 17
2 18 1 I
2 18 2 E
2 18 3 R
2 18 4 E
2 18 5 L
2 18 6 G
2 18 7 N
2 18 8 W
2 18 9 K
2 18 10 D
2 18 11 F
2 18 12 I
2 18 13 E
2 18 14 V
2 18 15 M
2 18 16 L
2 18 17 R
2 18 18 K
18 18
1 19 0 M
1 19 1 I
1 19 2 E
1 19 3 R
1 19 4 E
1 19 5 L
1 19 6 G
1 19 7 N
1 19 8 W
1 19 9 K
1 19 10 D
1 19 11 F
1 19 12 I
1 19 13 E
1 19 14 V
1 19 15 M
1 19 16 L
1 19 17 R
1 19 18 K
18 18
betaaggr
partition
AGG 39.0626 AMYLO 4.70246e-06 TURN 2.03865 HELIX 47.1 HELAGG 0 BETA47.5744
