Do you want a prediction per residue?. If yes type Y. Default, N
Type the name of the file with the peptide names, conditions and sequence in one letter code and press Enter
Ficher = A0A3G3BTG2
Nterm = N
Cterm = N
pH = 7
temperatura = 298
ionic = 0.1
Stability = 0
Concentration = 1
aminoacido = MKMKKLIKSSVASSIALLL
1 peptides run, last one A0A3G3BTG2 N N 7.00 298.00 0.10 MKMKKLIKSSVASSIALLL
1 6 0 M
1 6 1 K
1 6 2 M
1 6 3 K
1 6 4 K
1 6 5 L
5 5
2 6 1 K
2 6 2 M
2 6 3 K
2 6 4 K
2 6 5 L
2 6 6 I
6 6
3 6 2 M
3 6 3 K
3 6 4 K
3 6 5 L
3 6 6 I
3 6 7 K
7 7
4 6 3 K
4 6 4 K
4 6 5 L
4 6 6 I
4 6 7 K
4 6 8 S
8 8
5 6 4 K
5 6 5 L
5 6 6 I
5 6 7 K
5 6 8 S
5 6 9 S
9 9
6 6 5 L
6 6 6 I
6 6 7 K
6 6 8 S
6 6 9 S
6 6 10 V
10 10
7 6 6 I
7 6 7 K
7 6 8 S
7 6 9 S
7 6 10 V
7 6 11 A
8 6 7 K
8 6 8 S
8 6 9 S
8 6 10 V
8 6 11 A
8 6 12 S
12 12
9 6 8 S
9 6 9 S
9 6 10 V
9 6 11 A
9 6 12 S
9 6 13 S
13 13
10 6 9 S
10 6 10 V
10 6 11 A
10 6 12 S
10 6 13 S
10 6 14 I
14 14
11 6 10 V
11 6 11 A
11 6 12 S
11 6 13 S
11 6 14 I
11 6 15 A
12 6 11 A
12 6 12 S
12 6 13 S
12 6 14 I
12 6 15 A
12 6 16 L
16 16
13 6 12 S
13 6 13 S
13 6 14 I
13 6 15 A
13 6 16 L
13 6 17 L
17 17
14 6 13 S
14 6 14 I
14 6 15 A
14 6 16 L
14 6 17 L
14 6 18 L
18 18
1 7 0 M
1 7 1 K
1 7 2 M
1 7 3 K
1 7 4 K
1 7 5 L
1 7 6 I
6 6
2 7 1 K
2 7 2 M
2 7 3 K
2 7 4 K
2 7 5 L
2 7 6 I
2 7 7 K
7 7
3 7 2 M
3 7 3 K
3 7 4 K
3 7 5 L
3 7 6 I
3 7 7 K
3 7 8 S
8 8
4 7 3 K
4 7 4 K
4 7 5 L
4 7 6 I
4 7 7 K
4 7 8 S
4 7 9 S
9 9
5 7 4 K
5 7 5 L
5 7 6 I
5 7 7 K
5 7 8 S
5 7 9 S
5 7 10 V
10 10
6 7 5 L
6 7 6 I
6 7 7 K
6 7 8 S
6 7 9 S
6 7 10 V
6 7 11 A
7 7 6 I
7 7 7 K
7 7 8 S
7 7 9 S
7 7 10 V
7 7 11 A
7 7 12 S
12 12
8 7 7 K
8 7 8 S
8 7 9 S
8 7 10 V
8 7 11 A
8 7 12 S
8 7 13 S
13 13
9 7 8 S
9 7 9 S
9 7 10 V
9 7 11 A
9 7 12 S
9 7 13 S
9 7 14 I
14 14
10 7 9 S
10 7 10 V
10 7 11 A
10 7 12 S
10 7 13 S
10 7 14 I
10 7 15 A
11 7 10 V
11 7 11 A
11 7 12 S
11 7 13 S
11 7 14 I
11 7 15 A
11 7 16 L
16 16
12 7 11 A
12 7 12 S
12 7 13 S
12 7 14 I
12 7 15 A
12 7 16 L
12 7 17 L
17 17
13 7 12 S
13 7 13 S
13 7 14 I
13 7 15 A
13 7 16 L
13 7 17 L
13 7 18 L
18 18
1 8 0 M
1 8 1 K
1 8 2 M
1 8 3 K
1 8 4 K
1 8 5 L
1 8 6 I
1 8 7 K
7 7
2 8 1 K
2 8 2 M
2 8 3 K
2 8 4 K
2 8 5 L
2 8 6 I
2 8 7 K
2 8 8 S
8 8
3 8 2 M
3 8 3 K
3 8 4 K
3 8 5 L
3 8 6 I
3 8 7 K
3 8 8 S
3 8 9 S
9 9
4 8 3 K
4 8 4 K
4 8 5 L
4 8 6 I
4 8 7 K
4 8 8 S
4 8 9 S
4 8 10 V
10 10
5 8 4 K
5 8 5 L
5 8 6 I
5 8 7 K
5 8 8 S
5 8 9 S
5 8 10 V
5 8 11 A
6 8 5 L
6 8 6 I
6 8 7 K
6 8 8 S
6 8 9 S
6 8 10 V
6 8 11 A
6 8 12 S
12 12
7 8 6 I
7 8 7 K
7 8 8 S
7 8 9 S
7 8 10 V
7 8 11 A
7 8 12 S
7 8 13 S
13 13
8 8 7 K
8 8 8 S
8 8 9 S
8 8 10 V
8 8 11 A
8 8 12 S
8 8 13 S
8 8 14 I
14 14
9 8 8 S
9 8 9 S
9 8 10 V
9 8 11 A
9 8 12 S
9 8 13 S
9 8 14 I
9 8 15 A
10 8 9 S
10 8 10 V
10 8 11 A
10 8 12 S
10 8 13 S
10 8 14 I
10 8 15 A
10 8 16 L
16 16
11 8 10 V
11 8 11 A
11 8 12 S
11 8 13 S
11 8 14 I
11 8 15 A
11 8 16 L
11 8 17 L
17 17
12 8 11 A
12 8 12 S
12 8 13 S
12 8 14 I
12 8 15 A
12 8 16 L
12 8 17 L
12 8 18 L
18 18
1 9 0 M
1 9 1 K
1 9 2 M
1 9 3 K
1 9 4 K
1 9 5 L
1 9 6 I
1 9 7 K
1 9 8 S
8 8
2 9 1 K
2 9 2 M
2 9 3 K
2 9 4 K
2 9 5 L
2 9 6 I
2 9 7 K
2 9 8 S
2 9 9 S
9 9
3 9 2 M
3 9 3 K
3 9 4 K
3 9 5 L
3 9 6 I
3 9 7 K
3 9 8 S
3 9 9 S
3 9 10 V
10 10
4 9 3 K
4 9 4 K
4 9 5 L
4 9 6 I
4 9 7 K
4 9 8 S
4 9 9 S
4 9 10 V
4 9 11 A
5 9 4 K
5 9 5 L
5 9 6 I
5 9 7 K
5 9 8 S
5 9 9 S
5 9 10 V
5 9 11 A
5 9 12 S
12 12
6 9 5 L
6 9 6 I
6 9 7 K
6 9 8 S
6 9 9 S
6 9 10 V
6 9 11 A
6 9 12 S
6 9 13 S
13 13
7 9 6 I
7 9 7 K
7 9 8 S
7 9 9 S
7 9 10 V
7 9 11 A
7 9 12 S
7 9 13 S
7 9 14 I
14 14
8 9 7 K
8 9 8 S
8 9 9 S
8 9 10 V
8 9 11 A
8 9 12 S
8 9 13 S
8 9 14 I
8 9 15 A
9 9 8 S
9 9 9 S
9 9 10 V
9 9 11 A
9 9 12 S
9 9 13 S
9 9 14 I
9 9 15 A
9 9 16 L
16 16
10 9 9 S
10 9 10 V
10 9 11 A
10 9 12 S
10 9 13 S
10 9 14 I
10 9 15 A
10 9 16 L
10 9 17 L
17 17
11 9 10 V
11 9 11 A
11 9 12 S
11 9 13 S
11 9 14 I
11 9 15 A
11 9 16 L
11 9 17 L
11 9 18 L
18 18
1 10 0 M
1 10 1 K
1 10 2 M
1 10 3 K
1 10 4 K
1 10 5 L
1 10 6 I
1 10 7 K
1 10 8 S
1 10 9 S
9 9
2 10 1 K
2 10 2 M
2 10 3 K
2 10 4 K
2 10 5 L
2 10 6 I
2 10 7 K
2 10 8 S
2 10 9 S
2 10 10 V
10 10
3 10 2 M
3 10 3 K
3 10 4 K
3 10 5 L
3 10 6 I
3 10 7 K
3 10 8 S
3 10 9 S
3 10 10 V
3 10 11 A
4 10 3 K
4 10 4 K
4 10 5 L
4 10 6 I
4 10 7 K
4 10 8 S
4 10 9 S
4 10 10 V
4 10 11 A
4 10 12 S
12 12
5 10 4 K
5 10 5 L
5 10 6 I
5 10 7 K
5 10 8 S
5 10 9 S
5 10 10 V
5 10 11 A
5 10 12 S
5 10 13 S
13 13
6 10 5 L
6 10 6 I
6 10 7 K
6 10 8 S
6 10 9 S
6 10 10 V
6 10 11 A
6 10 12 S
6 10 13 S
6 10 14 I
14 14
7 10 6 I
7 10 7 K
7 10 8 S
7 10 9 S
7 10 10 V
7 10 11 A
7 10 12 S
7 10 13 S
7 10 14 I
7 10 15 A
8 10 7 K
8 10 8 S
8 10 9 S
8 10 10 V
8 10 11 A
8 10 12 S
8 10 13 S
8 10 14 I
8 10 15 A
8 10 16 L
16 16
9 10 8 S
9 10 9 S
9 10 10 V
9 10 11 A
9 10 12 S
9 10 13 S
9 10 14 I
9 10 15 A
9 10 16 L
9 10 17 L
17 17
10 10 9 S
10 10 10 V
10 10 11 A
10 10 12 S
10 10 13 S
10 10 14 I
10 10 15 A
10 10 16 L
10 10 17 L
10 10 18 L
18 18
1 11 0 M
1 11 1 K
1 11 2 M
1 11 3 K
1 11 4 K
1 11 5 L
1 11 6 I
1 11 7 K
1 11 8 S
1 11 9 S
1 11 10 V
10 10
2 11 1 K
2 11 2 M
2 11 3 K
2 11 4 K
2 11 5 L
2 11 6 I
2 11 7 K
2 11 8 S
2 11 9 S
2 11 10 V
2 11 11 A
3 11 2 M
3 11 3 K
3 11 4 K
3 11 5 L
3 11 6 I
3 11 7 K
3 11 8 S
3 11 9 S
3 11 10 V
3 11 11 A
3 11 12 S
12 12
4 11 3 K
4 11 4 K
4 11 5 L
4 11 6 I
4 11 7 K
4 11 8 S
4 11 9 S
4 11 10 V
4 11 11 A
4 11 12 S
4 11 13 S
13 13
5 11 4 K
5 11 5 L
5 11 6 I
5 11 7 K
5 11 8 S
5 11 9 S
5 11 10 V
5 11 11 A
5 11 12 S
5 11 13 S
5 11 14 I
14 14
6 11 5 L
6 11 6 I
6 11 7 K
6 11 8 S
6 11 9 S
6 11 10 V
6 11 11 A
6 11 12 S
6 11 13 S
6 11 14 I
6 11 15 A
7 11 6 I
7 11 7 K
7 11 8 S
7 11 9 S
7 11 10 V
7 11 11 A
7 11 12 S
7 11 13 S
7 11 14 I
7 11 15 A
7 11 16 L
16 16
8 11 7 K
8 11 8 S
8 11 9 S
8 11 10 V
8 11 11 A
8 11 12 S
8 11 13 S
8 11 14 I
8 11 15 A
8 11 16 L
8 11 17 L
17 17
9 11 8 S
9 11 9 S
9 11 10 V
9 11 11 A
9 11 12 S
9 11 13 S
9 11 14 I
9 11 15 A
9 11 16 L
9 11 17 L
9 11 18 L
18 18
1 12 0 M
1 12 1 K
1 12 2 M
1 12 3 K
1 12 4 K
1 12 5 L
1 12 6 I
1 12 7 K
1 12 8 S
1 12 9 S
1 12 10 V
1 12 11 A
2 12 1 K
2 12 2 M
2 12 3 K
2 12 4 K
2 12 5 L
2 12 6 I
2 12 7 K
2 12 8 S
2 12 9 S
2 12 10 V
2 12 11 A
2 12 12 S
12 12
3 12 2 M
3 12 3 K
3 12 4 K
3 12 5 L
3 12 6 I
3 12 7 K
3 12 8 S
3 12 9 S
3 12 10 V
3 12 11 A
3 12 12 S
3 12 13 S
13 13
4 12 3 K
4 12 4 K
4 12 5 L
4 12 6 I
4 12 7 K
4 12 8 S
4 12 9 S
4 12 10 V
4 12 11 A
4 12 12 S
4 12 13 S
4 12 14 I
14 14
5 12 4 K
5 12 5 L
5 12 6 I
5 12 7 K
5 12 8 S
5 12 9 S
5 12 10 V
5 12 11 A
5 12 12 S
5 12 13 S
5 12 14 I
5 12 15 A
6 12 5 L
6 12 6 I
6 12 7 K
6 12 8 S
6 12 9 S
6 12 10 V
6 12 11 A
6 12 12 S
6 12 13 S
6 12 14 I
6 12 15 A
6 12 16 L
16 16
7 12 6 I
7 12 7 K
7 12 8 S
7 12 9 S
7 12 10 V
7 12 11 A
7 12 12 S
7 12 13 S
7 12 14 I
7 12 15 A
7 12 16 L
7 12 17 L
17 17
8 12 7 K
8 12 8 S
8 12 9 S
8 12 10 V
8 12 11 A
8 12 12 S
8 12 13 S
8 12 14 I
8 12 15 A
8 12 16 L
8 12 17 L
8 12 18 L
18 18
1 13 0 M
1 13 1 K
1 13 2 M
1 13 3 K
1 13 4 K
1 13 5 L
1 13 6 I
1 13 7 K
1 13 8 S
1 13 9 S
1 13 10 V
1 13 11 A
1 13 12 S
12 12
2 13 1 K
2 13 2 M
2 13 3 K
2 13 4 K
2 13 5 L
2 13 6 I
2 13 7 K
2 13 8 S
2 13 9 S
2 13 10 V
2 13 11 A
2 13 12 S
2 13 13 S
13 13
3 13 2 M
3 13 3 K
3 13 4 K
3 13 5 L
3 13 6 I
3 13 7 K
3 13 8 S
3 13 9 S
3 13 10 V
3 13 11 A
3 13 12 S
3 13 13 S
3 13 14 I
14 14
4 13 3 K
4 13 4 K
4 13 5 L
4 13 6 I
4 13 7 K
4 13 8 S
4 13 9 S
4 13 10 V
4 13 11 A
4 13 12 S
4 13 13 S
4 13 14 I
4 13 15 A
5 13 4 K
5 13 5 L
5 13 6 I
5 13 7 K
5 13 8 S
5 13 9 S
5 13 10 V
5 13 11 A
5 13 12 S
5 13 13 S
5 13 14 I
5 13 15 A
5 13 16 L
16 16
6 13 5 L
6 13 6 I
6 13 7 K
6 13 8 S
6 13 9 S
6 13 10 V
6 13 11 A
6 13 12 S
6 13 13 S
6 13 14 I
6 13 15 A
6 13 16 L
6 13 17 L
17 17
7 13 6 I
7 13 7 K
7 13 8 S
7 13 9 S
7 13 10 V
7 13 11 A
7 13 12 S
7 13 13 S
7 13 14 I
7 13 15 A
7 13 16 L
7 13 17 L
7 13 18 L
18 18
1 14 0 M
1 14 1 K
1 14 2 M
1 14 3 K
1 14 4 K
1 14 5 L
1 14 6 I
1 14 7 K
1 14 8 S
1 14 9 S
1 14 10 V
1 14 11 A
1 14 12 S
1 14 13 S
13 13
2 14 1 K
2 14 2 M
2 14 3 K
2 14 4 K
2 14 5 L
2 14 6 I
2 14 7 K
2 14 8 S
2 14 9 S
2 14 10 V
2 14 11 A
2 14 12 S
2 14 13 S
2 14 14 I
14 14
3 14 2 M
3 14 3 K
3 14 4 K
3 14 5 L
3 14 6 I
3 14 7 K
3 14 8 S
3 14 9 S
3 14 10 V
3 14 11 A
3 14 12 S
3 14 13 S
3 14 14 I
3 14 15 A
4 14 3 K
4 14 4 K
4 14 5 L
4 14 6 I
4 14 7 K
4 14 8 S
4 14 9 S
4 14 10 V
4 14 11 A
4 14 12 S
4 14 13 S
4 14 14 I
4 14 15 A
4 14 16 L
16 16
5 14 4 K
5 14 5 L
5 14 6 I
5 14 7 K
5 14 8 S
5 14 9 S
5 14 10 V
5 14 11 A
5 14 12 S
5 14 13 S
5 14 14 I
5 14 15 A
5 14 16 L
5 14 17 L
17 17
6 14 5 L
6 14 6 I
6 14 7 K
6 14 8 S
6 14 9 S
6 14 10 V
6 14 11 A
6 14 12 S
6 14 13 S
6 14 14 I
6 14 15 A
6 14 16 L
6 14 17 L
6 14 18 L
18 18
1 15 0 M
1 15 1 K
1 15 2 M
1 15 3 K
1 15 4 K
1 15 5 L
1 15 6 I
1 15 7 K
1 15 8 S
1 15 9 S
1 15 10 V
1 15 11 A
1 15 12 S
1 15 13 S
1 15 14 I
14 14
2 15 1 K
2 15 2 M
2 15 3 K
2 15 4 K
2 15 5 L
2 15 6 I
2 15 7 K
2 15 8 S
2 15 9 S
2 15 10 V
2 15 11 A
2 15 12 S
2 15 13 S
2 15 14 I
2 15 15 A
3 15 2 M
3 15 3 K
3 15 4 K
3 15 5 L
3 15 6 I
3 15 7 K
3 15 8 S
3 15 9 S
3 15 10 V
3 15 11 A
3 15 12 S
3 15 13 S
3 15 14 I
3 15 15 A
3 15 16 L
16 16
4 15 3 K
4 15 4 K
4 15 5 L
4 15 6 I
4 15 7 K
4 15 8 S
4 15 9 S
4 15 10 V
4 15 11 A
4 15 12 S
4 15 13 S
4 15 14 I
4 15 15 A
4 15 16 L
4 15 17 L
17 17
5 15 4 K
5 15 5 L
5 15 6 I
5 15 7 K
5 15 8 S
5 15 9 S
5 15 10 V
5 15 11 A
5 15 12 S
5 15 13 S
5 15 14 I
5 15 15 A
5 15 16 L
5 15 17 L
5 15 18 L
18 18
1 16 0 M
1 16 1 K
1 16 2 M
1 16 3 K
1 16 4 K
1 16 5 L
1 16 6 I
1 16 7 K
1 16 8 S
1 16 9 S
1 16 10 V
1 16 11 A
1 16 12 S
1 16 13 S
1 16 14 I
1 16 15 A
2 16 1 K
2 16 2 M
2 16 3 K
2 16 4 K
2 16 5 L
2 16 6 I
2 16 7 K
2 16 8 S
2 16 9 S
2 16 10 V
2 16 11 A
2 16 12 S
2 16 13 S
2 16 14 I
2 16 15 A
2 16 16 L
16 16
3 16 2 M
3 16 3 K
3 16 4 K
3 16 5 L
3 16 6 I
3 16 7 K
3 16 8 S
3 16 9 S
3 16 10 V
3 16 11 A
3 16 12 S
3 16 13 S
3 16 14 I
3 16 15 A
3 16 16 L
3 16 17 L
17 17
4 16 3 K
4 16 4 K
4 16 5 L
4 16 6 I
4 16 7 K
4 16 8 S
4 16 9 S
4 16 10 V
4 16 11 A
4 16 12 S
4 16 13 S
4 16 14 I
4 16 15 A
4 16 16 L
4 16 17 L
4 16 18 L
18 18
1 17 0 M
1 17 1 K
1 17 2 M
1 17 3 K
1 17 4 K
1 17 5 L
1 17 6 I
1 17 7 K
1 17 8 S
1 17 9 S
1 17 10 V
1 17 11 A
1 17 12 S
1 17 13 S
1 17 14 I
1 17 15 A
1 17 16 L
16 16
2 17 1 K
2 17 2 M
2 17 3 K
2 17 4 K
2 17 5 L
2 17 6 I
2 17 7 K
2 17 8 S
2 17 9 S
2 17 10 V
2 17 11 A
2 17 12 S
2 17 13 S
2 17 14 I
2 17 15 A
2 17 16 L
2 17 17 L
17 17
3 17 2 M
3 17 3 K
3 17 4 K
3 17 5 L
3 17 6 I
3 17 7 K
3 17 8 S
3 17 9 S
3 17 10 V
3 17 11 A
3 17 12 S
3 17 13 S
3 17 14 I
3 17 15 A
3 17 16 L
3 17 17 L
3 17 18 L
18 18
1 18 0 M
1 18 1 K
1 18 2 M
1 18 3 K
1 18 4 K
1 18 5 L
1 18 6 I
1 18 7 K
1 18 8 S
1 18 9 S
1 18 10 V
1 18 11 A
1 18 12 S
1 18 13 S
1 18 14 I
1 18 15 A
1 18 16 L
1 18 17 L
17 17
2 18 1 K
2 18 2 M
2 18 3 K
2 18 4 K
2 18 5 L
2 18 6 I
2 18 7 K
2 18 8 S
2 18 9 S
2 18 10 V
2 18 11 A
2 18 12 S
2 18 13 S
2 18 14 I
2 18 15 A
2 18 16 L
2 18 17 L
2 18 18 L
18 18
1 19 0 M
1 19 1 K
1 19 2 M
1 19 3 K
1 19 4 K
1 19 5 L
1 19 6 I
1 19 7 K
1 19 8 S
1 19 9 S
1 19 10 V
1 19 11 A
1 19 12 S
1 19 13 S
1 19 14 I
1 19 15 A
1 19 16 L
1 19 17 L
1 19 18 L
18 18
betaaggr
partition
AGG 64.4981 AMYLO 2.37477 TURN 1.27775 HELIX 0.712352 HELAGG 0 BETA38.2238
