Do you want a prediction per residue?. If yes type Y. Default, N
Type the name of the file with the peptide names, conditions and sequence in one letter code and press Enter
Ficher = A0A3G2CJU6
Nterm = N
Cterm = N
pH = 7
temperatura = 298
ionic = 0.1
Stability = 0
Concentration = 1
aminoacido = PRMAGMDQHEQAIIAHE
1 peptides run, last one A0A3G2CJU6 N N 7.00 298.00 0.10 PRMAGMDQHEQAIIAHE
1 6 0 P
1 6 1 R
1 6 2 M
1 6 3 A
1 6 4 G
1 6 5 M
5 5
2 6 1 R
2 6 2 M
2 6 3 A
2 6 4 G
2 6 5 M
2 6 6 D
6 6
3 6 2 M
3 6 3 A
3 6 4 G
3 6 5 M
3 6 6 D
3 6 7 Q
4 6 3 A
4 6 4 G
4 6 5 M
4 6 6 D
4 6 7 Q
4 6 8 H
8 8
5 6 4 G
5 6 5 M
5 6 6 D
5 6 7 Q
5 6 8 H
5 6 9 E
9 9
6 6 5 M
6 6 6 D
6 6 7 Q
6 6 8 H
6 6 9 E
6 6 10 Q
10 10
7 6 6 D
7 6 7 Q
7 6 8 H
7 6 9 E
7 6 10 Q
7 6 11 A
8 6 7 Q
8 6 8 H
8 6 9 E
8 6 10 Q
8 6 11 A
8 6 12 I
12 12
9 6 8 H
9 6 9 E
9 6 10 Q
9 6 11 A
9 6 12 I
9 6 13 I
13 13
10 6 9 E
10 6 10 Q
10 6 11 A
10 6 12 I
10 6 13 I
10 6 14 A
11 6 10 Q
11 6 11 A
11 6 12 I
11 6 13 I
11 6 14 A
11 6 15 H
12 6 11 A
12 6 12 I
12 6 13 I
12 6 14 A
12 6 15 H
12 6 16 E
16 16
1 7 0 P
1 7 1 R
1 7 2 M
1 7 3 A
1 7 4 G
1 7 5 M
1 7 6 D
6 6
2 7 1 R
2 7 2 M
2 7 3 A
2 7 4 G
2 7 5 M
2 7 6 D
2 7 7 Q
3 7 2 M
3 7 3 A
3 7 4 G
3 7 5 M
3 7 6 D
3 7 7 Q
3 7 8 H
8 8
4 7 3 A
4 7 4 G
4 7 5 M
4 7 6 D
4 7 7 Q
4 7 8 H
4 7 9 E
9 9
5 7 4 G
5 7 5 M
5 7 6 D
5 7 7 Q
5 7 8 H
5 7 9 E
5 7 10 Q
10 10
6 7 5 M
6 7 6 D
6 7 7 Q
6 7 8 H
6 7 9 E
6 7 10 Q
6 7 11 A
7 7 6 D
7 7 7 Q
7 7 8 H
7 7 9 E
7 7 10 Q
7 7 11 A
7 7 12 I
12 12
8 7 7 Q
8 7 8 H
8 7 9 E
8 7 10 Q
8 7 11 A
8 7 12 I
8 7 13 I
13 13
9 7 8 H
9 7 9 E
9 7 10 Q
9 7 11 A
9 7 12 I
9 7 13 I
9 7 14 A
10 7 9 E
10 7 10 Q
10 7 11 A
10 7 12 I
10 7 13 I
10 7 14 A
10 7 15 H
11 7 10 Q
11 7 11 A
11 7 12 I
11 7 13 I
11 7 14 A
11 7 15 H
11 7 16 E
16 16
1 8 0 P
1 8 1 R
1 8 2 M
1 8 3 A
1 8 4 G
1 8 5 M
1 8 6 D
1 8 7 Q
2 8 1 R
2 8 2 M
2 8 3 A
2 8 4 G
2 8 5 M
2 8 6 D
2 8 7 Q
2 8 8 H
8 8
3 8 2 M
3 8 3 A
3 8 4 G
3 8 5 M
3 8 6 D
3 8 7 Q
3 8 8 H
3 8 9 E
9 9
4 8 3 A
4 8 4 G
4 8 5 M
4 8 6 D
4 8 7 Q
4 8 8 H
4 8 9 E
4 8 10 Q
10 10
5 8 4 G
5 8 5 M
5 8 6 D
5 8 7 Q
5 8 8 H
5 8 9 E
5 8 10 Q
5 8 11 A
6 8 5 M
6 8 6 D
6 8 7 Q
6 8 8 H
6 8 9 E
6 8 10 Q
6 8 11 A
6 8 12 I
12 12
7 8 6 D
7 8 7 Q
7 8 8 H
7 8 9 E
7 8 10 Q
7 8 11 A
7 8 12 I
7 8 13 I
13 13
8 8 7 Q
8 8 8 H
8 8 9 E
8 8 10 Q
8 8 11 A
8 8 12 I
8 8 13 I
8 8 14 A
9 8 8 H
9 8 9 E
9 8 10 Q
9 8 11 A
9 8 12 I
9 8 13 I
9 8 14 A
9 8 15 H
10 8 9 E
10 8 10 Q
10 8 11 A
10 8 12 I
10 8 13 I
10 8 14 A
10 8 15 H
10 8 16 E
16 16
1 9 0 P
1 9 1 R
1 9 2 M
1 9 3 A
1 9 4 G
1 9 5 M
1 9 6 D
1 9 7 Q
1 9 8 H
8 8
2 9 1 R
2 9 2 M
2 9 3 A
2 9 4 G
2 9 5 M
2 9 6 D
2 9 7 Q
2 9 8 H
2 9 9 E
9 9
3 9 2 M
3 9 3 A
3 9 4 G
3 9 5 M
3 9 6 D
3 9 7 Q
3 9 8 H
3 9 9 E
3 9 10 Q
10 10
4 9 3 A
4 9 4 G
4 9 5 M
4 9 6 D
4 9 7 Q
4 9 8 H
4 9 9 E
4 9 10 Q
4 9 11 A
5 9 4 G
5 9 5 M
5 9 6 D
5 9 7 Q
5 9 8 H
5 9 9 E
5 9 10 Q
5 9 11 A
5 9 12 I
12 12
6 9 5 M
6 9 6 D
6 9 7 Q
6 9 8 H
6 9 9 E
6 9 10 Q
6 9 11 A
6 9 12 I
6 9 13 I
13 13
7 9 6 D
7 9 7 Q
7 9 8 H
7 9 9 E
7 9 10 Q
7 9 11 A
7 9 12 I
7 9 13 I
7 9 14 A
8 9 7 Q
8 9 8 H
8 9 9 E
8 9 10 Q
8 9 11 A
8 9 12 I
8 9 13 I
8 9 14 A
8 9 15 H
9 9 8 H
9 9 9 E
9 9 10 Q
9 9 11 A
9 9 12 I
9 9 13 I
9 9 14 A
9 9 15 H
9 9 16 E
16 16
1 10 0 P
1 10 1 R
1 10 2 M
1 10 3 A
1 10 4 G
1 10 5 M
1 10 6 D
1 10 7 Q
1 10 8 H
1 10 9 E
9 9
2 10 1 R
2 10 2 M
2 10 3 A
2 10 4 G
2 10 5 M
2 10 6 D
2 10 7 Q
2 10 8 H
2 10 9 E
2 10 10 Q
10 10
3 10 2 M
3 10 3 A
3 10 4 G
3 10 5 M
3 10 6 D
3 10 7 Q
3 10 8 H
3 10 9 E
3 10 10 Q
3 10 11 A
4 10 3 A
4 10 4 G
4 10 5 M
4 10 6 D
4 10 7 Q
4 10 8 H
4 10 9 E
4 10 10 Q
4 10 11 A
4 10 12 I
12 12
5 10 4 G
5 10 5 M
5 10 6 D
5 10 7 Q
5 10 8 H
5 10 9 E
5 10 10 Q
5 10 11 A
5 10 12 I
5 10 13 I
13 13
6 10 5 M
6 10 6 D
6 10 7 Q
6 10 8 H
6 10 9 E
6 10 10 Q
6 10 11 A
6 10 12 I
6 10 13 I
6 10 14 A
7 10 6 D
7 10 7 Q
7 10 8 H
7 10 9 E
7 10 10 Q
7 10 11 A
7 10 12 I
7 10 13 I
7 10 14 A
7 10 15 H
8 10 7 Q
8 10 8 H
8 10 9 E
8 10 10 Q
8 10 11 A
8 10 12 I
8 10 13 I
8 10 14 A
8 10 15 H
8 10 16 E
16 16
1 11 0 P
1 11 1 R
1 11 2 M
1 11 3 A
1 11 4 G
1 11 5 M
1 11 6 D
1 11 7 Q
1 11 8 H
1 11 9 E
1 11 10 Q
10 10
2 11 1 R
2 11 2 M
2 11 3 A
2 11 4 G
2 11 5 M
2 11 6 D
2 11 7 Q
2 11 8 H
2 11 9 E
2 11 10 Q
2 11 11 A
3 11 2 M
3 11 3 A
3 11 4 G
3 11 5 M
3 11 6 D
3 11 7 Q
3 11 8 H
3 11 9 E
3 11 10 Q
3 11 11 A
3 11 12 I
12 12
4 11 3 A
4 11 4 G
4 11 5 M
4 11 6 D
4 11 7 Q
4 11 8 H
4 11 9 E
4 11 10 Q
4 11 11 A
4 11 12 I
4 11 13 I
13 13
5 11 4 G
5 11 5 M
5 11 6 D
5 11 7 Q
5 11 8 H
5 11 9 E
5 11 10 Q
5 11 11 A
5 11 12 I
5 11 13 I
5 11 14 A
6 11 5 M
6 11 6 D
6 11 7 Q
6 11 8 H
6 11 9 E
6 11 10 Q
6 11 11 A
6 11 12 I
6 11 13 I
6 11 14 A
6 11 15 H
7 11 6 D
7 11 7 Q
7 11 8 H
7 11 9 E
7 11 10 Q
7 11 11 A
7 11 12 I
7 11 13 I
7 11 14 A
7 11 15 H
7 11 16 E
16 16
1 12 0 P
1 12 1 R
1 12 2 M
1 12 3 A
1 12 4 G
1 12 5 M
1 12 6 D
1 12 7 Q
1 12 8 H
1 12 9 E
1 12 10 Q
1 12 11 A
2 12 1 R
2 12 2 M
2 12 3 A
2 12 4 G
2 12 5 M
2 12 6 D
2 12 7 Q
2 12 8 H
2 12 9 E
2 12 10 Q
2 12 11 A
2 12 12 I
12 12
3 12 2 M
3 12 3 A
3 12 4 G
3 12 5 M
3 12 6 D
3 12 7 Q
3 12 8 H
3 12 9 E
3 12 10 Q
3 12 11 A
3 12 12 I
3 12 13 I
13 13
4 12 3 A
4 12 4 G
4 12 5 M
4 12 6 D
4 12 7 Q
4 12 8 H
4 12 9 E
4 12 10 Q
4 12 11 A
4 12 12 I
4 12 13 I
4 12 14 A
5 12 4 G
5 12 5 M
5 12 6 D
5 12 7 Q
5 12 8 H
5 12 9 E
5 12 10 Q
5 12 11 A
5 12 12 I
5 12 13 I
5 12 14 A
5 12 15 H
6 12 5 M
6 12 6 D
6 12 7 Q
6 12 8 H
6 12 9 E
6 12 10 Q
6 12 11 A
6 12 12 I
6 12 13 I
6 12 14 A
6 12 15 H
6 12 16 E
16 16
1 13 0 P
1 13 1 R
1 13 2 M
1 13 3 A
1 13 4 G
1 13 5 M
1 13 6 D
1 13 7 Q
1 13 8 H
1 13 9 E
1 13 10 Q
1 13 11 A
1 13 12 I
12 12
2 13 1 R
2 13 2 M
2 13 3 A
2 13 4 G
2 13 5 M
2 13 6 D
2 13 7 Q
2 13 8 H
2 13 9 E
2 13 10 Q
2 13 11 A
2 13 12 I
2 13 13 I
13 13
3 13 2 M
3 13 3 A
3 13 4 G
3 13 5 M
3 13 6 D
3 13 7 Q
3 13 8 H
3 13 9 E
3 13 10 Q
3 13 11 A
3 13 12 I
3 13 13 I
3 13 14 A
4 13 3 A
4 13 4 G
4 13 5 M
4 13 6 D
4 13 7 Q
4 13 8 H
4 13 9 E
4 13 10 Q
4 13 11 A
4 13 12 I
4 13 13 I
4 13 14 A
4 13 15 H
5 13 4 G
5 13 5 M
5 13 6 D
5 13 7 Q
5 13 8 H
5 13 9 E
5 13 10 Q
5 13 11 A
5 13 12 I
5 13 13 I
5 13 14 A
5 13 15 H
5 13 16 E
16 16
1 14 0 P
1 14 1 R
1 14 2 M
1 14 3 A
1 14 4 G
1 14 5 M
1 14 6 D
1 14 7 Q
1 14 8 H
1 14 9 E
1 14 10 Q
1 14 11 A
1 14 12 I
1 14 13 I
13 13
2 14 1 R
2 14 2 M
2 14 3 A
2 14 4 G
2 14 5 M
2 14 6 D
2 14 7 Q
2 14 8 H
2 14 9 E
2 14 10 Q
2 14 11 A
2 14 12 I
2 14 13 I
2 14 14 A
3 14 2 M
3 14 3 A
3 14 4 G
3 14 5 M
3 14 6 D
3 14 7 Q
3 14 8 H
3 14 9 E
3 14 10 Q
3 14 11 A
3 14 12 I
3 14 13 I
3 14 14 A
3 14 15 H
4 14 3 A
4 14 4 G
4 14 5 M
4 14 6 D
4 14 7 Q
4 14 8 H
4 14 9 E
4 14 10 Q
4 14 11 A
4 14 12 I
4 14 13 I
4 14 14 A
4 14 15 H
4 14 16 E
16 16
1 15 0 P
1 15 1 R
1 15 2 M
1 15 3 A
1 15 4 G
1 15 5 M
1 15 6 D
1 15 7 Q
1 15 8 H
1 15 9 E
1 15 10 Q
1 15 11 A
1 15 12 I
1 15 13 I
1 15 14 A
2 15 1 R
2 15 2 M
2 15 3 A
2 15 4 G
2 15 5 M
2 15 6 D
2 15 7 Q
2 15 8 H
2 15 9 E
2 15 10 Q
2 15 11 A
2 15 12 I
2 15 13 I
2 15 14 A
2 15 15 H
3 15 2 M
3 15 3 A
3 15 4 G
3 15 5 M
3 15 6 D
3 15 7 Q
3 15 8 H
3 15 9 E
3 15 10 Q
3 15 11 A
3 15 12 I
3 15 13 I
3 15 14 A
3 15 15 H
3 15 16 E
16 16
1 16 0 P
1 16 1 R
1 16 2 M
1 16 3 A
1 16 4 G
1 16 5 M
1 16 6 D
1 16 7 Q
1 16 8 H
1 16 9 E
1 16 10 Q
1 16 11 A
1 16 12 I
1 16 13 I
1 16 14 A
1 16 15 H
2 16 1 R
2 16 2 M
2 16 3 A
2 16 4 G
2 16 5 M
2 16 6 D
2 16 7 Q
2 16 8 H
2 16 9 E
2 16 10 Q
2 16 11 A
2 16 12 I
2 16 13 I
2 16 14 A
2 16 15 H
2 16 16 E
16 16
1 17 0 P
1 17 1 R
1 17 2 M
1 17 3 A
1 17 4 G
1 17 5 M
1 17 6 D
1 17 7 Q
1 17 8 H
1 17 9 E
1 17 10 Q
1 17 11 A
1 17 12 I
1 17 13 I
1 17 14 A
1 17 15 H
1 17 16 E
16 16
betaaggr
partition
AGG 0 AMYLO 2031.2 TURN 3.82335 HELIX 0 HELAGG 0 BETA17.3427
