Do you want a prediction per residue?. If yes type Y. Default, N
Type the name of the file with the peptide names, conditions and sequence in one letter code and press Enter
Ficher = A0A317YNL9
Nterm = N
Cterm = N
pH = 7
temperatura = 298
ionic = 0.1
Stability = 0
Concentration = 1
aminoacido = MITYKNILIAVDGSHEAEWA
1 peptides run, last one A0A317YNL9 N N 7.00 298.00 0.10 MITYKNILIAVDGSHEAEWA
1 6 0 M
1 6 1 I
1 6 2 T
1 6 3 Y
1 6 4 K
1 6 5 N
5 5
2 6 1 I
2 6 2 T
2 6 3 Y
2 6 4 K
2 6 5 N
2 6 6 I
6 6
3 6 2 T
3 6 3 Y
3 6 4 K
3 6 5 N
3 6 6 I
3 6 7 L
7 7
4 6 3 Y
4 6 4 K
4 6 5 N
4 6 6 I
4 6 7 L
4 6 8 I
8 8
5 6 4 K
5 6 5 N
5 6 6 I
5 6 7 L
5 6 8 I
5 6 9 A
6 6 5 N
6 6 6 I
6 6 7 L
6 6 8 I
6 6 9 A
6 6 10 V
10 10
7 6 6 I
7 6 7 L
7 6 8 I
7 6 9 A
7 6 10 V
7 6 11 D
11 11
8 6 7 L
8 6 8 I
8 6 9 A
8 6 10 V
8 6 11 D
8 6 12 G
12 12
9 6 8 I
9 6 9 A
9 6 10 V
9 6 11 D
9 6 12 G
9 6 13 S
10 6 9 A
10 6 10 V
10 6 11 D
10 6 12 G
10 6 13 S
10 6 14 H
14 14
11 6 10 V
11 6 11 D
11 6 12 G
11 6 13 S
11 6 14 H
11 6 15 E
15 15
12 6 11 D
12 6 12 G
12 6 13 S
12 6 14 H
12 6 15 E
12 6 16 A
13 6 12 G
13 6 13 S
13 6 14 H
13 6 15 E
13 6 16 A
13 6 17 E
17 17
14 6 13 S
14 6 14 H
14 6 15 E
14 6 16 A
14 6 17 E
14 6 18 W
18 18
15 6 14 H
15 6 15 E
15 6 16 A
15 6 17 E
15 6 18 W
15 6 19 A
1 7 0 M
1 7 1 I
1 7 2 T
1 7 3 Y
1 7 4 K
1 7 5 N
1 7 6 I
6 6
2 7 1 I
2 7 2 T
2 7 3 Y
2 7 4 K
2 7 5 N
2 7 6 I
2 7 7 L
7 7
3 7 2 T
3 7 3 Y
3 7 4 K
3 7 5 N
3 7 6 I
3 7 7 L
3 7 8 I
8 8
4 7 3 Y
4 7 4 K
4 7 5 N
4 7 6 I
4 7 7 L
4 7 8 I
4 7 9 A
5 7 4 K
5 7 5 N
5 7 6 I
5 7 7 L
5 7 8 I
5 7 9 A
5 7 10 V
10 10
6 7 5 N
6 7 6 I
6 7 7 L
6 7 8 I
6 7 9 A
6 7 10 V
6 7 11 D
11 11
7 7 6 I
7 7 7 L
7 7 8 I
7 7 9 A
7 7 10 V
7 7 11 D
7 7 12 G
12 12
8 7 7 L
8 7 8 I
8 7 9 A
8 7 10 V
8 7 11 D
8 7 12 G
8 7 13 S
9 7 8 I
9 7 9 A
9 7 10 V
9 7 11 D
9 7 12 G
9 7 13 S
9 7 14 H
14 14
10 7 9 A
10 7 10 V
10 7 11 D
10 7 12 G
10 7 13 S
10 7 14 H
10 7 15 E
15 15
11 7 10 V
11 7 11 D
11 7 12 G
11 7 13 S
11 7 14 H
11 7 15 E
11 7 16 A
12 7 11 D
12 7 12 G
12 7 13 S
12 7 14 H
12 7 15 E
12 7 16 A
12 7 17 E
17 17
13 7 12 G
13 7 13 S
13 7 14 H
13 7 15 E
13 7 16 A
13 7 17 E
13 7 18 W
18 18
14 7 13 S
14 7 14 H
14 7 15 E
14 7 16 A
14 7 17 E
14 7 18 W
14 7 19 A
1 8 0 M
1 8 1 I
1 8 2 T
1 8 3 Y
1 8 4 K
1 8 5 N
1 8 6 I
1 8 7 L
7 7
2 8 1 I
2 8 2 T
2 8 3 Y
2 8 4 K
2 8 5 N
2 8 6 I
2 8 7 L
2 8 8 I
8 8
3 8 2 T
3 8 3 Y
3 8 4 K
3 8 5 N
3 8 6 I
3 8 7 L
3 8 8 I
3 8 9 A
4 8 3 Y
4 8 4 K
4 8 5 N
4 8 6 I
4 8 7 L
4 8 8 I
4 8 9 A
4 8 10 V
10 10
5 8 4 K
5 8 5 N
5 8 6 I
5 8 7 L
5 8 8 I
5 8 9 A
5 8 10 V
5 8 11 D
11 11
6 8 5 N
6 8 6 I
6 8 7 L
6 8 8 I
6 8 9 A
6 8 10 V
6 8 11 D
6 8 12 G
12 12
7 8 6 I
7 8 7 L
7 8 8 I
7 8 9 A
7 8 10 V
7 8 11 D
7 8 12 G
7 8 13 S
8 8 7 L
8 8 8 I
8 8 9 A
8 8 10 V
8 8 11 D
8 8 12 G
8 8 13 S
8 8 14 H
14 14
9 8 8 I
9 8 9 A
9 8 10 V
9 8 11 D
9 8 12 G
9 8 13 S
9 8 14 H
9 8 15 E
15 15
10 8 9 A
10 8 10 V
10 8 11 D
10 8 12 G
10 8 13 S
10 8 14 H
10 8 15 E
10 8 16 A
11 8 10 V
11 8 11 D
11 8 12 G
11 8 13 S
11 8 14 H
11 8 15 E
11 8 16 A
11 8 17 E
17 17
12 8 11 D
12 8 12 G
12 8 13 S
12 8 14 H
12 8 15 E
12 8 16 A
12 8 17 E
12 8 18 W
18 18
13 8 12 G
13 8 13 S
13 8 14 H
13 8 15 E
13 8 16 A
13 8 17 E
13 8 18 W
13 8 19 A
1 9 0 M
1 9 1 I
1 9 2 T
1 9 3 Y
1 9 4 K
1 9 5 N
1 9 6 I
1 9 7 L
1 9 8 I
8 8
2 9 1 I
2 9 2 T
2 9 3 Y
2 9 4 K
2 9 5 N
2 9 6 I
2 9 7 L
2 9 8 I
2 9 9 A
3 9 2 T
3 9 3 Y
3 9 4 K
3 9 5 N
3 9 6 I
3 9 7 L
3 9 8 I
3 9 9 A
3 9 10 V
10 10
4 9 3 Y
4 9 4 K
4 9 5 N
4 9 6 I
4 9 7 L
4 9 8 I
4 9 9 A
4 9 10 V
4 9 11 D
11 11
5 9 4 K
5 9 5 N
5 9 6 I
5 9 7 L
5 9 8 I
5 9 9 A
5 9 10 V
5 9 11 D
5 9 12 G
12 12
6 9 5 N
6 9 6 I
6 9 7 L
6 9 8 I
6 9 9 A
6 9 10 V
6 9 11 D
6 9 12 G
6 9 13 S
7 9 6 I
7 9 7 L
7 9 8 I
7 9 9 A
7 9 10 V
7 9 11 D
7 9 12 G
7 9 13 S
7 9 14 H
14 14
8 9 7 L
8 9 8 I
8 9 9 A
8 9 10 V
8 9 11 D
8 9 12 G
8 9 13 S
8 9 14 H
8 9 15 E
15 15
9 9 8 I
9 9 9 A
9 9 10 V
9 9 11 D
9 9 12 G
9 9 13 S
9 9 14 H
9 9 15 E
9 9 16 A
10 9 9 A
10 9 10 V
10 9 11 D
10 9 12 G
10 9 13 S
10 9 14 H
10 9 15 E
10 9 16 A
10 9 17 E
17 17
11 9 10 V
11 9 11 D
11 9 12 G
11 9 13 S
11 9 14 H
11 9 15 E
11 9 16 A
11 9 17 E
11 9 18 W
18 18
12 9 11 D
12 9 12 G
12 9 13 S
12 9 14 H
12 9 15 E
12 9 16 A
12 9 17 E
12 9 18 W
12 9 19 A
1 10 0 M
1 10 1 I
1 10 2 T
1 10 3 Y
1 10 4 K
1 10 5 N
1 10 6 I
1 10 7 L
1 10 8 I
1 10 9 A
2 10 1 I
2 10 2 T
2 10 3 Y
2 10 4 K
2 10 5 N
2 10 6 I
2 10 7 L
2 10 8 I
2 10 9 A
2 10 10 V
10 10
3 10 2 T
3 10 3 Y
3 10 4 K
3 10 5 N
3 10 6 I
3 10 7 L
3 10 8 I
3 10 9 A
3 10 10 V
3 10 11 D
11 11
4 10 3 Y
4 10 4 K
4 10 5 N
4 10 6 I
4 10 7 L
4 10 8 I
4 10 9 A
4 10 10 V
4 10 11 D
4 10 12 G
12 12
5 10 4 K
5 10 5 N
5 10 6 I
5 10 7 L
5 10 8 I
5 10 9 A
5 10 10 V
5 10 11 D
5 10 12 G
5 10 13 S
6 10 5 N
6 10 6 I
6 10 7 L
6 10 8 I
6 10 9 A
6 10 10 V
6 10 11 D
6 10 12 G
6 10 13 S
6 10 14 H
14 14
7 10 6 I
7 10 7 L
7 10 8 I
7 10 9 A
7 10 10 V
7 10 11 D
7 10 12 G
7 10 13 S
7 10 14 H
7 10 15 E
15 15
8 10 7 L
8 10 8 I
8 10 9 A
8 10 10 V
8 10 11 D
8 10 12 G
8 10 13 S
8 10 14 H
8 10 15 E
8 10 16 A
9 10 8 I
9 10 9 A
9 10 10 V
9 10 11 D
9 10 12 G
9 10 13 S
9 10 14 H
9 10 15 E
9 10 16 A
9 10 17 E
17 17
10 10 9 A
10 10 10 V
10 10 11 D
10 10 12 G
10 10 13 S
10 10 14 H
10 10 15 E
10 10 16 A
10 10 17 E
10 10 18 W
18 18
11 10 10 V
11 10 11 D
11 10 12 G
11 10 13 S
11 10 14 H
11 10 15 E
11 10 16 A
11 10 17 E
11 10 18 W
11 10 19 A
1 11 0 M
1 11 1 I
1 11 2 T
1 11 3 Y
1 11 4 K
1 11 5 N
1 11 6 I
1 11 7 L
1 11 8 I
1 11 9 A
1 11 10 V
10 10
2 11 1 I
2 11 2 T
2 11 3 Y
2 11 4 K
2 11 5 N
2 11 6 I
2 11 7 L
2 11 8 I
2 11 9 A
2 11 10 V
2 11 11 D
11 11
3 11 2 T
3 11 3 Y
3 11 4 K
3 11 5 N
3 11 6 I
3 11 7 L
3 11 8 I
3 11 9 A
3 11 10 V
3 11 11 D
3 11 12 G
12 12
4 11 3 Y
4 11 4 K
4 11 5 N
4 11 6 I
4 11 7 L
4 11 8 I
4 11 9 A
4 11 10 V
4 11 11 D
4 11 12 G
4 11 13 S
5 11 4 K
5 11 5 N
5 11 6 I
5 11 7 L
5 11 8 I
5 11 9 A
5 11 10 V
5 11 11 D
5 11 12 G
5 11 13 S
5 11 14 H
14 14
6 11 5 N
6 11 6 I
6 11 7 L
6 11 8 I
6 11 9 A
6 11 10 V
6 11 11 D
6 11 12 G
6 11 13 S
6 11 14 H
6 11 15 E
15 15
7 11 6 I
7 11 7 L
7 11 8 I
7 11 9 A
7 11 10 V
7 11 11 D
7 11 12 G
7 11 13 S
7 11 14 H
7 11 15 E
7 11 16 A
8 11 7 L
8 11 8 I
8 11 9 A
8 11 10 V
8 11 11 D
8 11 12 G
8 11 13 S
8 11 14 H
8 11 15 E
8 11 16 A
8 11 17 E
17 17
9 11 8 I
9 11 9 A
9 11 10 V
9 11 11 D
9 11 12 G
9 11 13 S
9 11 14 H
9 11 15 E
9 11 16 A
9 11 17 E
9 11 18 W
18 18
10 11 9 A
10 11 10 V
10 11 11 D
10 11 12 G
10 11 13 S
10 11 14 H
10 11 15 E
10 11 16 A
10 11 17 E
10 11 18 W
10 11 19 A
1 12 0 M
1 12 1 I
1 12 2 T
1 12 3 Y
1 12 4 K
1 12 5 N
1 12 6 I
1 12 7 L
1 12 8 I
1 12 9 A
1 12 10 V
1 12 11 D
11 11
2 12 1 I
2 12 2 T
2 12 3 Y
2 12 4 K
2 12 5 N
2 12 6 I
2 12 7 L
2 12 8 I
2 12 9 A
2 12 10 V
2 12 11 D
2 12 12 G
12 12
3 12 2 T
3 12 3 Y
3 12 4 K
3 12 5 N
3 12 6 I
3 12 7 L
3 12 8 I
3 12 9 A
3 12 10 V
3 12 11 D
3 12 12 G
3 12 13 S
4 12 3 Y
4 12 4 K
4 12 5 N
4 12 6 I
4 12 7 L
4 12 8 I
4 12 9 A
4 12 10 V
4 12 11 D
4 12 12 G
4 12 13 S
4 12 14 H
14 14
5 12 4 K
5 12 5 N
5 12 6 I
5 12 7 L
5 12 8 I
5 12 9 A
5 12 10 V
5 12 11 D
5 12 12 G
5 12 13 S
5 12 14 H
5 12 15 E
15 15
6 12 5 N
6 12 6 I
6 12 7 L
6 12 8 I
6 12 9 A
6 12 10 V
6 12 11 D
6 12 12 G
6 12 13 S
6 12 14 H
6 12 15 E
6 12 16 A
7 12 6 I
7 12 7 L
7 12 8 I
7 12 9 A
7 12 10 V
7 12 11 D
7 12 12 G
7 12 13 S
7 12 14 H
7 12 15 E
7 12 16 A
7 12 17 E
17 17
8 12 7 L
8 12 8 I
8 12 9 A
8 12 10 V
8 12 11 D
8 12 12 G
8 12 13 S
8 12 14 H
8 12 15 E
8 12 16 A
8 12 17 E
8 12 18 W
18 18
9 12 8 I
9 12 9 A
9 12 10 V
9 12 11 D
9 12 12 G
9 12 13 S
9 12 14 H
9 12 15 E
9 12 16 A
9 12 17 E
9 12 18 W
9 12 19 A
1 13 0 M
1 13 1 I
1 13 2 T
1 13 3 Y
1 13 4 K
1 13 5 N
1 13 6 I
1 13 7 L
1 13 8 I
1 13 9 A
1 13 10 V
1 13 11 D
1 13 12 G
12 12
2 13 1 I
2 13 2 T
2 13 3 Y
2 13 4 K
2 13 5 N
2 13 6 I
2 13 7 L
2 13 8 I
2 13 9 A
2 13 10 V
2 13 11 D
2 13 12 G
2 13 13 S
3 13 2 T
3 13 3 Y
3 13 4 K
3 13 5 N
3 13 6 I
3 13 7 L
3 13 8 I
3 13 9 A
3 13 10 V
3 13 11 D
3 13 12 G
3 13 13 S
3 13 14 H
14 14
4 13 3 Y
4 13 4 K
4 13 5 N
4 13 6 I
4 13 7 L
4 13 8 I
4 13 9 A
4 13 10 V
4 13 11 D
4 13 12 G
4 13 13 S
4 13 14 H
4 13 15 E
15 15
5 13 4 K
5 13 5 N
5 13 6 I
5 13 7 L
5 13 8 I
5 13 9 A
5 13 10 V
5 13 11 D
5 13 12 G
5 13 13 S
5 13 14 H
5 13 15 E
5 13 16 A
6 13 5 N
6 13 6 I
6 13 7 L
6 13 8 I
6 13 9 A
6 13 10 V
6 13 11 D
6 13 12 G
6 13 13 S
6 13 14 H
6 13 15 E
6 13 16 A
6 13 17 E
17 17
7 13 6 I
7 13 7 L
7 13 8 I
7 13 9 A
7 13 10 V
7 13 11 D
7 13 12 G
7 13 13 S
7 13 14 H
7 13 15 E
7 13 16 A
7 13 17 E
7 13 18 W
18 18
8 13 7 L
8 13 8 I
8 13 9 A
8 13 10 V
8 13 11 D
8 13 12 G
8 13 13 S
8 13 14 H
8 13 15 E
8 13 16 A
8 13 17 E
8 13 18 W
8 13 19 A
1 14 0 M
1 14 1 I
1 14 2 T
1 14 3 Y
1 14 4 K
1 14 5 N
1 14 6 I
1 14 7 L
1 14 8 I
1 14 9 A
1 14 10 V
1 14 11 D
1 14 12 G
1 14 13 S
2 14 1 I
2 14 2 T
2 14 3 Y
2 14 4 K
2 14 5 N
2 14 6 I
2 14 7 L
2 14 8 I
2 14 9 A
2 14 10 V
2 14 11 D
2 14 12 G
2 14 13 S
2 14 14 H
14 14
3 14 2 T
3 14 3 Y
3 14 4 K
3 14 5 N
3 14 6 I
3 14 7 L
3 14 8 I
3 14 9 A
3 14 10 V
3 14 11 D
3 14 12 G
3 14 13 S
3 14 14 H
3 14 15 E
15 15
4 14 3 Y
4 14 4 K
4 14 5 N
4 14 6 I
4 14 7 L
4 14 8 I
4 14 9 A
4 14 10 V
4 14 11 D
4 14 12 G
4 14 13 S
4 14 14 H
4 14 15 E
4 14 16 A
5 14 4 K
5 14 5 N
5 14 6 I
5 14 7 L
5 14 8 I
5 14 9 A
5 14 10 V
5 14 11 D
5 14 12 G
5 14 13 S
5 14 14 H
5 14 15 E
5 14 16 A
5 14 17 E
17 17
6 14 5 N
6 14 6 I
6 14 7 L
6 14 8 I
6 14 9 A
6 14 10 V
6 14 11 D
6 14 12 G
6 14 13 S
6 14 14 H
6 14 15 E
6 14 16 A
6 14 17 E
6 14 18 W
18 18
7 14 6 I
7 14 7 L
7 14 8 I
7 14 9 A
7 14 10 V
7 14 11 D
7 14 12 G
7 14 13 S
7 14 14 H
7 14 15 E
7 14 16 A
7 14 17 E
7 14 18 W
7 14 19 A
1 15 0 M
1 15 1 I
1 15 2 T
1 15 3 Y
1 15 4 K
1 15 5 N
1 15 6 I
1 15 7 L
1 15 8 I
1 15 9 A
1 15 10 V
1 15 11 D
1 15 12 G
1 15 13 S
1 15 14 H
14 14
2 15 1 I
2 15 2 T
2 15 3 Y
2 15 4 K
2 15 5 N
2 15 6 I
2 15 7 L
2 15 8 I
2 15 9 A
2 15 10 V
2 15 11 D
2 15 12 G
2 15 13 S
2 15 14 H
2 15 15 E
15 15
3 15 2 T
3 15 3 Y
3 15 4 K
3 15 5 N
3 15 6 I
3 15 7 L
3 15 8 I
3 15 9 A
3 15 10 V
3 15 11 D
3 15 12 G
3 15 13 S
3 15 14 H
3 15 15 E
3 15 16 A
4 15 3 Y
4 15 4 K
4 15 5 N
4 15 6 I
4 15 7 L
4 15 8 I
4 15 9 A
4 15 10 V
4 15 11 D
4 15 12 G
4 15 13 S
4 15 14 H
4 15 15 E
4 15 16 A
4 15 17 E
17 17
5 15 4 K
5 15 5 N
5 15 6 I
5 15 7 L
5 15 8 I
5 15 9 A
5 15 10 V
5 15 11 D
5 15 12 G
5 15 13 S
5 15 14 H
5 15 15 E
5 15 16 A
5 15 17 E
5 15 18 W
18 18
6 15 5 N
6 15 6 I
6 15 7 L
6 15 8 I
6 15 9 A
6 15 10 V
6 15 11 D
6 15 12 G
6 15 13 S
6 15 14 H
6 15 15 E
6 15 16 A
6 15 17 E
6 15 18 W
6 15 19 A
1 16 0 M
1 16 1 I
1 16 2 T
1 16 3 Y
1 16 4 K
1 16 5 N
1 16 6 I
1 16 7 L
1 16 8 I
1 16 9 A
1 16 10 V
1 16 11 D
1 16 12 G
1 16 13 S
1 16 14 H
1 16 15 E
15 15
2 16 1 I
2 16 2 T
2 16 3 Y
2 16 4 K
2 16 5 N
2 16 6 I
2 16 7 L
2 16 8 I
2 16 9 A
2 16 10 V
2 16 11 D
2 16 12 G
2 16 13 S
2 16 14 H
2 16 15 E
2 16 16 A
3 16 2 T
3 16 3 Y
3 16 4 K
3 16 5 N
3 16 6 I
3 16 7 L
3 16 8 I
3 16 9 A
3 16 10 V
3 16 11 D
3 16 12 G
3 16 13 S
3 16 14 H
3 16 15 E
3 16 16 A
3 16 17 E
17 17
4 16 3 Y
4 16 4 K
4 16 5 N
4 16 6 I
4 16 7 L
4 16 8 I
4 16 9 A
4 16 10 V
4 16 11 D
4 16 12 G
4 16 13 S
4 16 14 H
4 16 15 E
4 16 16 A
4 16 17 E
4 16 18 W
18 18
5 16 4 K
5 16 5 N
5 16 6 I
5 16 7 L
5 16 8 I
5 16 9 A
5 16 10 V
5 16 11 D
5 16 12 G
5 16 13 S
5 16 14 H
5 16 15 E
5 16 16 A
5 16 17 E
5 16 18 W
5 16 19 A
1 17 0 M
1 17 1 I
1 17 2 T
1 17 3 Y
1 17 4 K
1 17 5 N
1 17 6 I
1 17 7 L
1 17 8 I
1 17 9 A
1 17 10 V
1 17 11 D
1 17 12 G
1 17 13 S
1 17 14 H
1 17 15 E
1 17 16 A
2 17 1 I
2 17 2 T
2 17 3 Y
2 17 4 K
2 17 5 N
2 17 6 I
2 17 7 L
2 17 8 I
2 17 9 A
2 17 10 V
2 17 11 D
2 17 12 G
2 17 13 S
2 17 14 H
2 17 15 E
2 17 16 A
2 17 17 E
17 17
3 17 2 T
3 17 3 Y
3 17 4 K
3 17 5 N
3 17 6 I
3 17 7 L
3 17 8 I
3 17 9 A
3 17 10 V
3 17 11 D
3 17 12 G
3 17 13 S
3 17 14 H
3 17 15 E
3 17 16 A
3 17 17 E
3 17 18 W
18 18
4 17 3 Y
4 17 4 K
4 17 5 N
4 17 6 I
4 17 7 L
4 17 8 I
4 17 9 A
4 17 10 V
4 17 11 D
4 17 12 G
4 17 13 S
4 17 14 H
4 17 15 E
4 17 16 A
4 17 17 E
4 17 18 W
4 17 19 A
1 18 0 M
1 18 1 I
1 18 2 T
1 18 3 Y
1 18 4 K
1 18 5 N
1 18 6 I
1 18 7 L
1 18 8 I
1 18 9 A
1 18 10 V
1 18 11 D
1 18 12 G
1 18 13 S
1 18 14 H
1 18 15 E
1 18 16 A
1 18 17 E
17 17
2 18 1 I
2 18 2 T
2 18 3 Y
2 18 4 K
2 18 5 N
2 18 6 I
2 18 7 L
2 18 8 I
2 18 9 A
2 18 10 V
2 18 11 D
2 18 12 G
2 18 13 S
2 18 14 H
2 18 15 E
2 18 16 A
2 18 17 E
2 18 18 W
18 18
3 18 2 T
3 18 3 Y
3 18 4 K
3 18 5 N
3 18 6 I
3 18 7 L
3 18 8 I
3 18 9 A
3 18 10 V
3 18 11 D
3 18 12 G
3 18 13 S
3 18 14 H
3 18 15 E
3 18 16 A
3 18 17 E
3 18 18 W
3 18 19 A
1 19 0 M
1 19 1 I
1 19 2 T
1 19 3 Y
1 19 4 K
1 19 5 N
1 19 6 I
1 19 7 L
1 19 8 I
1 19 9 A
1 19 10 V
1 19 11 D
1 19 12 G
1 19 13 S
1 19 14 H
1 19 15 E
1 19 16 A
1 19 17 E
1 19 18 W
18 18
2 19 1 I
2 19 2 T
2 19 3 Y
2 19 4 K
2 19 5 N
2 19 6 I
2 19 7 L
2 19 8 I
2 19 9 A
2 19 10 V
2 19 11 D
2 19 12 G
2 19 13 S
2 19 14 H
2 19 15 E
2 19 16 A
2 19 17 E
2 19 18 W
2 19 19 A
1 20 0 M
1 20 1 I
1 20 2 T
1 20 3 Y
1 20 4 K
1 20 5 N
1 20 6 I
1 20 7 L
1 20 8 I
1 20 9 A
1 20 10 V
1 20 11 D
1 20 12 G
1 20 13 S
1 20 14 H
1 20 15 E
1 20 16 A
1 20 17 E
1 20 18 W
1 20 19 A
betaaggr
partition
AGG 466.122 AMYLO 7465.74 TURN 5.74591 HELIX 1.80387 HELAGG 0 BETA106.533
