Do you want a prediction per residue?. If yes type Y. Default, N
Type the name of the file with the peptide names, conditions and sequence in one letter code and press Enter
Ficher = A0A4Q7CJ52
Nterm = N
Cterm = N
pH = 7
temperatura = 298
ionic = 0.1
Stability = 0
Concentration = 1
aminoacido = IVDIVQNGIQIVSKFIGA
1 peptides run, last one A0A4Q7CJ52 N N 7.00 298.00 0.10 IVDIVQNGIQIVSKFIGA
1 6 0 I
1 6 1 V
1 6 2 D
1 6 3 I
1 6 4 V
1 6 5 Q
5 5
2 6 1 V
2 6 2 D
2 6 3 I
2 6 4 V
2 6 5 Q
2 6 6 N
6 6
3 6 2 D
3 6 3 I
3 6 4 V
3 6 5 Q
3 6 6 N
3 6 7 G
7 7
4 6 3 I
4 6 4 V
4 6 5 Q
4 6 6 N
4 6 7 G
4 6 8 I
8 8
5 6 4 V
5 6 5 Q
5 6 6 N
5 6 7 G
5 6 8 I
5 6 9 Q
9 9
6 6 5 Q
6 6 6 N
6 6 7 G
6 6 8 I
6 6 9 Q
6 6 10 I
10 10
7 6 6 N
7 6 7 G
7 6 8 I
7 6 9 Q
7 6 10 I
7 6 11 V
11 11
8 6 7 G
8 6 8 I
8 6 9 Q
8 6 10 I
8 6 11 V
8 6 12 S
12 12
9 6 8 I
9 6 9 Q
9 6 10 I
9 6 11 V
9 6 12 S
9 6 13 K
13 13
10 6 9 Q
10 6 10 I
10 6 11 V
10 6 12 S
10 6 13 K
10 6 14 F
14 14
11 6 10 I
11 6 11 V
11 6 12 S
11 6 13 K
11 6 14 F
11 6 15 I
15 15
12 6 11 V
12 6 12 S
12 6 13 K
12 6 14 F
12 6 15 I
12 6 16 G
16 16
13 6 12 S
13 6 13 K
13 6 14 F
13 6 15 I
13 6 16 G
13 6 17 A
1 7 0 I
1 7 1 V
1 7 2 D
1 7 3 I
1 7 4 V
1 7 5 Q
1 7 6 N
6 6
2 7 1 V
2 7 2 D
2 7 3 I
2 7 4 V
2 7 5 Q
2 7 6 N
2 7 7 G
7 7
3 7 2 D
3 7 3 I
3 7 4 V
3 7 5 Q
3 7 6 N
3 7 7 G
3 7 8 I
8 8
4 7 3 I
4 7 4 V
4 7 5 Q
4 7 6 N
4 7 7 G
4 7 8 I
4 7 9 Q
9 9
5 7 4 V
5 7 5 Q
5 7 6 N
5 7 7 G
5 7 8 I
5 7 9 Q
5 7 10 I
10 10
6 7 5 Q
6 7 6 N
6 7 7 G
6 7 8 I
6 7 9 Q
6 7 10 I
6 7 11 V
11 11
7 7 6 N
7 7 7 G
7 7 8 I
7 7 9 Q
7 7 10 I
7 7 11 V
7 7 12 S
12 12
8 7 7 G
8 7 8 I
8 7 9 Q
8 7 10 I
8 7 11 V
8 7 12 S
8 7 13 K
13 13
9 7 8 I
9 7 9 Q
9 7 10 I
9 7 11 V
9 7 12 S
9 7 13 K
9 7 14 F
14 14
10 7 9 Q
10 7 10 I
10 7 11 V
10 7 12 S
10 7 13 K
10 7 14 F
10 7 15 I
15 15
11 7 10 I
11 7 11 V
11 7 12 S
11 7 13 K
11 7 14 F
11 7 15 I
11 7 16 G
16 16
12 7 11 V
12 7 12 S
12 7 13 K
12 7 14 F
12 7 15 I
12 7 16 G
12 7 17 A
1 8 0 I
1 8 1 V
1 8 2 D
1 8 3 I
1 8 4 V
1 8 5 Q
1 8 6 N
1 8 7 G
7 7
2 8 1 V
2 8 2 D
2 8 3 I
2 8 4 V
2 8 5 Q
2 8 6 N
2 8 7 G
2 8 8 I
8 8
3 8 2 D
3 8 3 I
3 8 4 V
3 8 5 Q
3 8 6 N
3 8 7 G
3 8 8 I
3 8 9 Q
9 9
4 8 3 I
4 8 4 V
4 8 5 Q
4 8 6 N
4 8 7 G
4 8 8 I
4 8 9 Q
4 8 10 I
10 10
5 8 4 V
5 8 5 Q
5 8 6 N
5 8 7 G
5 8 8 I
5 8 9 Q
5 8 10 I
5 8 11 V
11 11
6 8 5 Q
6 8 6 N
6 8 7 G
6 8 8 I
6 8 9 Q
6 8 10 I
6 8 11 V
6 8 12 S
12 12
7 8 6 N
7 8 7 G
7 8 8 I
7 8 9 Q
7 8 10 I
7 8 11 V
7 8 12 S
7 8 13 K
13 13
8 8 7 G
8 8 8 I
8 8 9 Q
8 8 10 I
8 8 11 V
8 8 12 S
8 8 13 K
8 8 14 F
14 14
9 8 8 I
9 8 9 Q
9 8 10 I
9 8 11 V
9 8 12 S
9 8 13 K
9 8 14 F
9 8 15 I
15 15
10 8 9 Q
10 8 10 I
10 8 11 V
10 8 12 S
10 8 13 K
10 8 14 F
10 8 15 I
10 8 16 G
16 16
11 8 10 I
11 8 11 V
11 8 12 S
11 8 13 K
11 8 14 F
11 8 15 I
11 8 16 G
11 8 17 A
1 9 0 I
1 9 1 V
1 9 2 D
1 9 3 I
1 9 4 V
1 9 5 Q
1 9 6 N
1 9 7 G
1 9 8 I
8 8
2 9 1 V
2 9 2 D
2 9 3 I
2 9 4 V
2 9 5 Q
2 9 6 N
2 9 7 G
2 9 8 I
2 9 9 Q
9 9
3 9 2 D
3 9 3 I
3 9 4 V
3 9 5 Q
3 9 6 N
3 9 7 G
3 9 8 I
3 9 9 Q
3 9 10 I
10 10
4 9 3 I
4 9 4 V
4 9 5 Q
4 9 6 N
4 9 7 G
4 9 8 I
4 9 9 Q
4 9 10 I
4 9 11 V
11 11
5 9 4 V
5 9 5 Q
5 9 6 N
5 9 7 G
5 9 8 I
5 9 9 Q
5 9 10 I
5 9 11 V
5 9 12 S
12 12
6 9 5 Q
6 9 6 N
6 9 7 G
6 9 8 I
6 9 9 Q
6 9 10 I
6 9 11 V
6 9 12 S
6 9 13 K
13 13
7 9 6 N
7 9 7 G
7 9 8 I
7 9 9 Q
7 9 10 I
7 9 11 V
7 9 12 S
7 9 13 K
7 9 14 F
14 14
8 9 7 G
8 9 8 I
8 9 9 Q
8 9 10 I
8 9 11 V
8 9 12 S
8 9 13 K
8 9 14 F
8 9 15 I
15 15
9 9 8 I
9 9 9 Q
9 9 10 I
9 9 11 V
9 9 12 S
9 9 13 K
9 9 14 F
9 9 15 I
9 9 16 G
16 16
10 9 9 Q
10 9 10 I
10 9 11 V
10 9 12 S
10 9 13 K
10 9 14 F
10 9 15 I
10 9 16 G
10 9 17 A
1 10 0 I
1 10 1 V
1 10 2 D
1 10 3 I
1 10 4 V
1 10 5 Q
1 10 6 N
1 10 7 G
1 10 8 I
1 10 9 Q
9 9
2 10 1 V
2 10 2 D
2 10 3 I
2 10 4 V
2 10 5 Q
2 10 6 N
2 10 7 G
2 10 8 I
2 10 9 Q
2 10 10 I
10 10
3 10 2 D
3 10 3 I
3 10 4 V
3 10 5 Q
3 10 6 N
3 10 7 G
3 10 8 I
3 10 9 Q
3 10 10 I
3 10 11 V
11 11
4 10 3 I
4 10 4 V
4 10 5 Q
4 10 6 N
4 10 7 G
4 10 8 I
4 10 9 Q
4 10 10 I
4 10 11 V
4 10 12 S
12 12
5 10 4 V
5 10 5 Q
5 10 6 N
5 10 7 G
5 10 8 I
5 10 9 Q
5 10 10 I
5 10 11 V
5 10 12 S
5 10 13 K
13 13
6 10 5 Q
6 10 6 N
6 10 7 G
6 10 8 I
6 10 9 Q
6 10 10 I
6 10 11 V
6 10 12 S
6 10 13 K
6 10 14 F
14 14
7 10 6 N
7 10 7 G
7 10 8 I
7 10 9 Q
7 10 10 I
7 10 11 V
7 10 12 S
7 10 13 K
7 10 14 F
7 10 15 I
15 15
8 10 7 G
8 10 8 I
8 10 9 Q
8 10 10 I
8 10 11 V
8 10 12 S
8 10 13 K
8 10 14 F
8 10 15 I
8 10 16 G
16 16
9 10 8 I
9 10 9 Q
9 10 10 I
9 10 11 V
9 10 12 S
9 10 13 K
9 10 14 F
9 10 15 I
9 10 16 G
9 10 17 A
1 11 0 I
1 11 1 V
1 11 2 D
1 11 3 I
1 11 4 V
1 11 5 Q
1 11 6 N
1 11 7 G
1 11 8 I
1 11 9 Q
1 11 10 I
10 10
2 11 1 V
2 11 2 D
2 11 3 I
2 11 4 V
2 11 5 Q
2 11 6 N
2 11 7 G
2 11 8 I
2 11 9 Q
2 11 10 I
2 11 11 V
11 11
3 11 2 D
3 11 3 I
3 11 4 V
3 11 5 Q
3 11 6 N
3 11 7 G
3 11 8 I
3 11 9 Q
3 11 10 I
3 11 11 V
3 11 12 S
12 12
4 11 3 I
4 11 4 V
4 11 5 Q
4 11 6 N
4 11 7 G
4 11 8 I
4 11 9 Q
4 11 10 I
4 11 11 V
4 11 12 S
4 11 13 K
13 13
5 11 4 V
5 11 5 Q
5 11 6 N
5 11 7 G
5 11 8 I
5 11 9 Q
5 11 10 I
5 11 11 V
5 11 12 S
5 11 13 K
5 11 14 F
14 14
6 11 5 Q
6 11 6 N
6 11 7 G
6 11 8 I
6 11 9 Q
6 11 10 I
6 11 11 V
6 11 12 S
6 11 13 K
6 11 14 F
6 11 15 I
15 15
7 11 6 N
7 11 7 G
7 11 8 I
7 11 9 Q
7 11 10 I
7 11 11 V
7 11 12 S
7 11 13 K
7 11 14 F
7 11 15 I
7 11 16 G
16 16
8 11 7 G
8 11 8 I
8 11 9 Q
8 11 10 I
8 11 11 V
8 11 12 S
8 11 13 K
8 11 14 F
8 11 15 I
8 11 16 G
8 11 17 A
1 12 0 I
1 12 1 V
1 12 2 D
1 12 3 I
1 12 4 V
1 12 5 Q
1 12 6 N
1 12 7 G
1 12 8 I
1 12 9 Q
1 12 10 I
1 12 11 V
11 11
2 12 1 V
2 12 2 D
2 12 3 I
2 12 4 V
2 12 5 Q
2 12 6 N
2 12 7 G
2 12 8 I
2 12 9 Q
2 12 10 I
2 12 11 V
2 12 12 S
12 12
3 12 2 D
3 12 3 I
3 12 4 V
3 12 5 Q
3 12 6 N
3 12 7 G
3 12 8 I
3 12 9 Q
3 12 10 I
3 12 11 V
3 12 12 S
3 12 13 K
13 13
4 12 3 I
4 12 4 V
4 12 5 Q
4 12 6 N
4 12 7 G
4 12 8 I
4 12 9 Q
4 12 10 I
4 12 11 V
4 12 12 S
4 12 13 K
4 12 14 F
14 14
5 12 4 V
5 12 5 Q
5 12 6 N
5 12 7 G
5 12 8 I
5 12 9 Q
5 12 10 I
5 12 11 V
5 12 12 S
5 12 13 K
5 12 14 F
5 12 15 I
15 15
6 12 5 Q
6 12 6 N
6 12 7 G
6 12 8 I
6 12 9 Q
6 12 10 I
6 12 11 V
6 12 12 S
6 12 13 K
6 12 14 F
6 12 15 I
6 12 16 G
16 16
7 12 6 N
7 12 7 G
7 12 8 I
7 12 9 Q
7 12 10 I
7 12 11 V
7 12 12 S
7 12 13 K
7 12 14 F
7 12 15 I
7 12 16 G
7 12 17 A
1 13 0 I
1 13 1 V
1 13 2 D
1 13 3 I
1 13 4 V
1 13 5 Q
1 13 6 N
1 13 7 G
1 13 8 I
1 13 9 Q
1 13 10 I
1 13 11 V
1 13 12 S
12 12
2 13 1 V
2 13 2 D
2 13 3 I
2 13 4 V
2 13 5 Q
2 13 6 N
2 13 7 G
2 13 8 I
2 13 9 Q
2 13 10 I
2 13 11 V
2 13 12 S
2 13 13 K
13 13
3 13 2 D
3 13 3 I
3 13 4 V
3 13 5 Q
3 13 6 N
3 13 7 G
3 13 8 I
3 13 9 Q
3 13 10 I
3 13 11 V
3 13 12 S
3 13 13 K
3 13 14 F
14 14
4 13 3 I
4 13 4 V
4 13 5 Q
4 13 6 N
4 13 7 G
4 13 8 I
4 13 9 Q
4 13 10 I
4 13 11 V
4 13 12 S
4 13 13 K
4 13 14 F
4 13 15 I
15 15
5 13 4 V
5 13 5 Q
5 13 6 N
5 13 7 G
5 13 8 I
5 13 9 Q
5 13 10 I
5 13 11 V
5 13 12 S
5 13 13 K
5 13 14 F
5 13 15 I
5 13 16 G
16 16
6 13 5 Q
6 13 6 N
6 13 7 G
6 13 8 I
6 13 9 Q
6 13 10 I
6 13 11 V
6 13 12 S
6 13 13 K
6 13 14 F
6 13 15 I
6 13 16 G
6 13 17 A
1 14 0 I
1 14 1 V
1 14 2 D
1 14 3 I
1 14 4 V
1 14 5 Q
1 14 6 N
1 14 7 G
1 14 8 I
1 14 9 Q
1 14 10 I
1 14 11 V
1 14 12 S
1 14 13 K
13 13
2 14 1 V
2 14 2 D
2 14 3 I
2 14 4 V
2 14 5 Q
2 14 6 N
2 14 7 G
2 14 8 I
2 14 9 Q
2 14 10 I
2 14 11 V
2 14 12 S
2 14 13 K
2 14 14 F
14 14
3 14 2 D
3 14 3 I
3 14 4 V
3 14 5 Q
3 14 6 N
3 14 7 G
3 14 8 I
3 14 9 Q
3 14 10 I
3 14 11 V
3 14 12 S
3 14 13 K
3 14 14 F
3 14 15 I
15 15
4 14 3 I
4 14 4 V
4 14 5 Q
4 14 6 N
4 14 7 G
4 14 8 I
4 14 9 Q
4 14 10 I
4 14 11 V
4 14 12 S
4 14 13 K
4 14 14 F
4 14 15 I
4 14 16 G
16 16
5 14 4 V
5 14 5 Q
5 14 6 N
5 14 7 G
5 14 8 I
5 14 9 Q
5 14 10 I
5 14 11 V
5 14 12 S
5 14 13 K
5 14 14 F
5 14 15 I
5 14 16 G
5 14 17 A
1 15 0 I
1 15 1 V
1 15 2 D
1 15 3 I
1 15 4 V
1 15 5 Q
1 15 6 N
1 15 7 G
1 15 8 I
1 15 9 Q
1 15 10 I
1 15 11 V
1 15 12 S
1 15 13 K
1 15 14 F
14 14
2 15 1 V
2 15 2 D
2 15 3 I
2 15 4 V
2 15 5 Q
2 15 6 N
2 15 7 G
2 15 8 I
2 15 9 Q
2 15 10 I
2 15 11 V
2 15 12 S
2 15 13 K
2 15 14 F
2 15 15 I
15 15
3 15 2 D
3 15 3 I
3 15 4 V
3 15 5 Q
3 15 6 N
3 15 7 G
3 15 8 I
3 15 9 Q
3 15 10 I
3 15 11 V
3 15 12 S
3 15 13 K
3 15 14 F
3 15 15 I
3 15 16 G
16 16
4 15 3 I
4 15 4 V
4 15 5 Q
4 15 6 N
4 15 7 G
4 15 8 I
4 15 9 Q
4 15 10 I
4 15 11 V
4 15 12 S
4 15 13 K
4 15 14 F
4 15 15 I
4 15 16 G
4 15 17 A
1 16 0 I
1 16 1 V
1 16 2 D
1 16 3 I
1 16 4 V
1 16 5 Q
1 16 6 N
1 16 7 G
1 16 8 I
1 16 9 Q
1 16 10 I
1 16 11 V
1 16 12 S
1 16 13 K
1 16 14 F
1 16 15 I
15 15
2 16 1 V
2 16 2 D
2 16 3 I
2 16 4 V
2 16 5 Q
2 16 6 N
2 16 7 G
2 16 8 I
2 16 9 Q
2 16 10 I
2 16 11 V
2 16 12 S
2 16 13 K
2 16 14 F
2 16 15 I
2 16 16 G
16 16
3 16 2 D
3 16 3 I
3 16 4 V
3 16 5 Q
3 16 6 N
3 16 7 G
3 16 8 I
3 16 9 Q
3 16 10 I
3 16 11 V
3 16 12 S
3 16 13 K
3 16 14 F
3 16 15 I
3 16 16 G
3 16 17 A
1 17 0 I
1 17 1 V
1 17 2 D
1 17 3 I
1 17 4 V
1 17 5 Q
1 17 6 N
1 17 7 G
1 17 8 I
1 17 9 Q
1 17 10 I
1 17 11 V
1 17 12 S
1 17 13 K
1 17 14 F
1 17 15 I
1 17 16 G
16 16
2 17 1 V
2 17 2 D
2 17 3 I
2 17 4 V
2 17 5 Q
2 17 6 N
2 17 7 G
2 17 8 I
2 17 9 Q
2 17 10 I
2 17 11 V
2 17 12 S
2 17 13 K
2 17 14 F
2 17 15 I
2 17 16 G
2 17 17 A
1 18 0 I
1 18 1 V
1 18 2 D
1 18 3 I
1 18 4 V
1 18 5 Q
1 18 6 N
1 18 7 G
1 18 8 I
1 18 9 Q
1 18 10 I
1 18 11 V
1 18 12 S
1 18 13 K
1 18 14 F
1 18 15 I
1 18 16 G
1 18 17 A
betaaggr
partition
AGG 3.80596 AMYLO 0.705381 TURN 5.97913 HELIX 0 HELAGG 0 BETA55.3595
