Do you want a prediction per residue?. If yes type Y. Default, N
Type the name of the file with the peptide names, conditions and sequence in one letter code and press Enter
Ficher = A0A517KMQ7
Nterm = N
Cterm = N
pH = 7
temperatura = 298
ionic = 0.1
Stability = 0
Concentration = 1
aminoacido = MATFIFYKEYFYEE
1 peptides run, last one A0A517KMQ7 N N 7.00 298.00 0.10 MATFIFYKEYFYEE
1 6 0 M
1 6 1 A
1 6 2 T
1 6 3 F
1 6 4 I
1 6 5 F
2 6 1 A
2 6 2 T
2 6 3 F
2 6 4 I
2 6 5 F
2 6 6 Y
6 6
3 6 2 T
3 6 3 F
3 6 4 I
3 6 5 F
3 6 6 Y
3 6 7 K
7 7
4 6 3 F
4 6 4 I
4 6 5 F
4 6 6 Y
4 6 7 K
4 6 8 E
8 8
5 6 4 I
5 6 5 F
5 6 6 Y
5 6 7 K
5 6 8 E
5 6 9 Y
9 9
6 6 5 F
6 6 6 Y
6 6 7 K
6 6 8 E
6 6 9 Y
6 6 10 F
10 10
7 6 6 Y
7 6 7 K
7 6 8 E
7 6 9 Y
7 6 10 F
7 6 11 Y
11 11
8 6 7 K
8 6 8 E
8 6 9 Y
8 6 10 F
8 6 11 Y
8 6 12 E
12 12
9 6 8 E
9 6 9 Y
9 6 10 F
9 6 11 Y
9 6 12 E
9 6 13 E
13 13
1 7 0 M
1 7 1 A
1 7 2 T
1 7 3 F
1 7 4 I
1 7 5 F
1 7 6 Y
6 6
2 7 1 A
2 7 2 T
2 7 3 F
2 7 4 I
2 7 5 F
2 7 6 Y
2 7 7 K
7 7
3 7 2 T
3 7 3 F
3 7 4 I
3 7 5 F
3 7 6 Y
3 7 7 K
3 7 8 E
8 8
4 7 3 F
4 7 4 I
4 7 5 F
4 7 6 Y
4 7 7 K
4 7 8 E
4 7 9 Y
9 9
5 7 4 I
5 7 5 F
5 7 6 Y
5 7 7 K
5 7 8 E
5 7 9 Y
5 7 10 F
10 10
6 7 5 F
6 7 6 Y
6 7 7 K
6 7 8 E
6 7 9 Y
6 7 10 F
6 7 11 Y
11 11
7 7 6 Y
7 7 7 K
7 7 8 E
7 7 9 Y
7 7 10 F
7 7 11 Y
7 7 12 E
12 12
8 7 7 K
8 7 8 E
8 7 9 Y
8 7 10 F
8 7 11 Y
8 7 12 E
8 7 13 E
13 13
1 8 0 M
1 8 1 A
1 8 2 T
1 8 3 F
1 8 4 I
1 8 5 F
1 8 6 Y
1 8 7 K
7 7
2 8 1 A
2 8 2 T
2 8 3 F
2 8 4 I
2 8 5 F
2 8 6 Y
2 8 7 K
2 8 8 E
8 8
3 8 2 T
3 8 3 F
3 8 4 I
3 8 5 F
3 8 6 Y
3 8 7 K
3 8 8 E
3 8 9 Y
9 9
4 8 3 F
4 8 4 I
4 8 5 F
4 8 6 Y
4 8 7 K
4 8 8 E
4 8 9 Y
4 8 10 F
10 10
5 8 4 I
5 8 5 F
5 8 6 Y
5 8 7 K
5 8 8 E
5 8 9 Y
5 8 10 F
5 8 11 Y
11 11
6 8 5 F
6 8 6 Y
6 8 7 K
6 8 8 E
6 8 9 Y
6 8 10 F
6 8 11 Y
6 8 12 E
12 12
7 8 6 Y
7 8 7 K
7 8 8 E
7 8 9 Y
7 8 10 F
7 8 11 Y
7 8 12 E
7 8 13 E
13 13
1 9 0 M
1 9 1 A
1 9 2 T
1 9 3 F
1 9 4 I
1 9 5 F
1 9 6 Y
1 9 7 K
1 9 8 E
8 8
2 9 1 A
2 9 2 T
2 9 3 F
2 9 4 I
2 9 5 F
2 9 6 Y
2 9 7 K
2 9 8 E
2 9 9 Y
9 9
3 9 2 T
3 9 3 F
3 9 4 I
3 9 5 F
3 9 6 Y
3 9 7 K
3 9 8 E
3 9 9 Y
3 9 10 F
10 10
4 9 3 F
4 9 4 I
4 9 5 F
4 9 6 Y
4 9 7 K
4 9 8 E
4 9 9 Y
4 9 10 F
4 9 11 Y
11 11
5 9 4 I
5 9 5 F
5 9 6 Y
5 9 7 K
5 9 8 E
5 9 9 Y
5 9 10 F
5 9 11 Y
5 9 12 E
12 12
6 9 5 F
6 9 6 Y
6 9 7 K
6 9 8 E
6 9 9 Y
6 9 10 F
6 9 11 Y
6 9 12 E
6 9 13 E
13 13
1 10 0 M
1 10 1 A
1 10 2 T
1 10 3 F
1 10 4 I
1 10 5 F
1 10 6 Y
1 10 7 K
1 10 8 E
1 10 9 Y
9 9
2 10 1 A
2 10 2 T
2 10 3 F
2 10 4 I
2 10 5 F
2 10 6 Y
2 10 7 K
2 10 8 E
2 10 9 Y
2 10 10 F
10 10
3 10 2 T
3 10 3 F
3 10 4 I
3 10 5 F
3 10 6 Y
3 10 7 K
3 10 8 E
3 10 9 Y
3 10 10 F
3 10 11 Y
11 11
4 10 3 F
4 10 4 I
4 10 5 F
4 10 6 Y
4 10 7 K
4 10 8 E
4 10 9 Y
4 10 10 F
4 10 11 Y
4 10 12 E
12 12
5 10 4 I
5 10 5 F
5 10 6 Y
5 10 7 K
5 10 8 E
5 10 9 Y
5 10 10 F
5 10 11 Y
5 10 12 E
5 10 13 E
13 13
1 11 0 M
1 11 1 A
1 11 2 T
1 11 3 F
1 11 4 I
1 11 5 F
1 11 6 Y
1 11 7 K
1 11 8 E
1 11 9 Y
1 11 10 F
10 10
2 11 1 A
2 11 2 T
2 11 3 F
2 11 4 I
2 11 5 F
2 11 6 Y
2 11 7 K
2 11 8 E
2 11 9 Y
2 11 10 F
2 11 11 Y
11 11
3 11 2 T
3 11 3 F
3 11 4 I
3 11 5 F
3 11 6 Y
3 11 7 K
3 11 8 E
3 11 9 Y
3 11 10 F
3 11 11 Y
3 11 12 E
12 12
4 11 3 F
4 11 4 I
4 11 5 F
4 11 6 Y
4 11 7 K
4 11 8 E
4 11 9 Y
4 11 10 F
4 11 11 Y
4 11 12 E
4 11 13 E
13 13
1 12 0 M
1 12 1 A
1 12 2 T
1 12 3 F
1 12 4 I
1 12 5 F
1 12 6 Y
1 12 7 K
1 12 8 E
1 12 9 Y
1 12 10 F
1 12 11 Y
11 11
2 12 1 A
2 12 2 T
2 12 3 F
2 12 4 I
2 12 5 F
2 12 6 Y
2 12 7 K
2 12 8 E
2 12 9 Y
2 12 10 F
2 12 11 Y
2 12 12 E
12 12
3 12 2 T
3 12 3 F
3 12 4 I
3 12 5 F
3 12 6 Y
3 12 7 K
3 12 8 E
3 12 9 Y
3 12 10 F
3 12 11 Y
3 12 12 E
3 12 13 E
13 13
1 13 0 M
1 13 1 A
1 13 2 T
1 13 3 F
1 13 4 I
1 13 5 F
1 13 6 Y
1 13 7 K
1 13 8 E
1 13 9 Y
1 13 10 F
1 13 11 Y
1 13 12 E
12 12
2 13 1 A
2 13 2 T
2 13 3 F
2 13 4 I
2 13 5 F
2 13 6 Y
2 13 7 K
2 13 8 E
2 13 9 Y
2 13 10 F
2 13 11 Y
2 13 12 E
2 13 13 E
13 13
1 14 0 M
1 14 1 A
1 14 2 T
1 14 3 F
1 14 4 I
1 14 5 F
1 14 6 Y
1 14 7 K
1 14 8 E
1 14 9 Y
1 14 10 F
1 14 11 Y
1 14 12 E
1 14 13 E
13 13
betaaggr
partition
AGG 601.835 AMYLO 4802.26 TURN 1.19358 HELIX 0 HELAGG 0 BETA37.6591
