Do you want a prediction per residue?. If yes type Y. Default, N
Type the name of the file with the peptide names, conditions and sequence in one letter code and press Enter
Ficher = A0A5C0PVV6
Nterm = N
Cterm = N
pH = 7
temperatura = 298
ionic = 0.1
Stability = 0
Concentration = 1
aminoacido = TIDAPNNTQSTDNTQAA
1 peptides run, last one A0A5C0PVV6 N N 7.00 298.00 0.10 TIDAPNNTQSTDNTQAA
1 6 0 T
1 6 1 I
1 6 2 D
1 6 3 A
1 6 4 P
1 6 5 N
5 5
2 6 1 I
2 6 2 D
2 6 3 A
2 6 4 P
2 6 5 N
2 6 6 N
6 6
3 6 2 D
3 6 3 A
3 6 4 P
3 6 5 N
3 6 6 N
3 6 7 T
4 6 3 A
4 6 4 P
4 6 5 N
4 6 6 N
4 6 7 T
4 6 8 Q
8 8
5 6 4 P
5 6 5 N
5 6 6 N
5 6 7 T
5 6 8 Q
5 6 9 S
9 9
6 6 5 N
6 6 6 N
6 6 7 T
6 6 8 Q
6 6 9 S
6 6 10 T
10 10
7 6 6 N
7 6 7 T
7 6 8 Q
7 6 9 S
7 6 10 T
7 6 11 D
11 11
8 6 7 T
8 6 8 Q
8 6 9 S
8 6 10 T
8 6 11 D
8 6 12 N
12 12
9 6 8 Q
9 6 9 S
9 6 10 T
9 6 11 D
9 6 12 N
9 6 13 T
13 13
10 6 9 S
10 6 10 T
10 6 11 D
10 6 12 N
10 6 13 T
10 6 14 Q
14 14
11 6 10 T
11 6 11 D
11 6 12 N
11 6 13 T
11 6 14 Q
11 6 15 A
12 6 11 D
12 6 12 N
12 6 13 T
12 6 14 Q
12 6 15 A
12 6 16 A
1 7 0 T
1 7 1 I
1 7 2 D
1 7 3 A
1 7 4 P
1 7 5 N
1 7 6 N
6 6
2 7 1 I
2 7 2 D
2 7 3 A
2 7 4 P
2 7 5 N
2 7 6 N
2 7 7 T
3 7 2 D
3 7 3 A
3 7 4 P
3 7 5 N
3 7 6 N
3 7 7 T
3 7 8 Q
8 8
4 7 3 A
4 7 4 P
4 7 5 N
4 7 6 N
4 7 7 T
4 7 8 Q
4 7 9 S
9 9
5 7 4 P
5 7 5 N
5 7 6 N
5 7 7 T
5 7 8 Q
5 7 9 S
5 7 10 T
10 10
6 7 5 N
6 7 6 N
6 7 7 T
6 7 8 Q
6 7 9 S
6 7 10 T
6 7 11 D
11 11
7 7 6 N
7 7 7 T
7 7 8 Q
7 7 9 S
7 7 10 T
7 7 11 D
7 7 12 N
12 12
8 7 7 T
8 7 8 Q
8 7 9 S
8 7 10 T
8 7 11 D
8 7 12 N
8 7 13 T
13 13
9 7 8 Q
9 7 9 S
9 7 10 T
9 7 11 D
9 7 12 N
9 7 13 T
9 7 14 Q
14 14
10 7 9 S
10 7 10 T
10 7 11 D
10 7 12 N
10 7 13 T
10 7 14 Q
10 7 15 A
11 7 10 T
11 7 11 D
11 7 12 N
11 7 13 T
11 7 14 Q
11 7 15 A
11 7 16 A
1 8 0 T
1 8 1 I
1 8 2 D
1 8 3 A
1 8 4 P
1 8 5 N
1 8 6 N
1 8 7 T
2 8 1 I
2 8 2 D
2 8 3 A
2 8 4 P
2 8 5 N
2 8 6 N
2 8 7 T
2 8 8 Q
8 8
3 8 2 D
3 8 3 A
3 8 4 P
3 8 5 N
3 8 6 N
3 8 7 T
3 8 8 Q
3 8 9 S
9 9
4 8 3 A
4 8 4 P
4 8 5 N
4 8 6 N
4 8 7 T
4 8 8 Q
4 8 9 S
4 8 10 T
10 10
5 8 4 P
5 8 5 N
5 8 6 N
5 8 7 T
5 8 8 Q
5 8 9 S
5 8 10 T
5 8 11 D
11 11
6 8 5 N
6 8 6 N
6 8 7 T
6 8 8 Q
6 8 9 S
6 8 10 T
6 8 11 D
6 8 12 N
12 12
7 8 6 N
7 8 7 T
7 8 8 Q
7 8 9 S
7 8 10 T
7 8 11 D
7 8 12 N
7 8 13 T
13 13
8 8 7 T
8 8 8 Q
8 8 9 S
8 8 10 T
8 8 11 D
8 8 12 N
8 8 13 T
8 8 14 Q
14 14
9 8 8 Q
9 8 9 S
9 8 10 T
9 8 11 D
9 8 12 N
9 8 13 T
9 8 14 Q
9 8 15 A
10 8 9 S
10 8 10 T
10 8 11 D
10 8 12 N
10 8 13 T
10 8 14 Q
10 8 15 A
10 8 16 A
1 9 0 T
1 9 1 I
1 9 2 D
1 9 3 A
1 9 4 P
1 9 5 N
1 9 6 N
1 9 7 T
1 9 8 Q
8 8
2 9 1 I
2 9 2 D
2 9 3 A
2 9 4 P
2 9 5 N
2 9 6 N
2 9 7 T
2 9 8 Q
2 9 9 S
9 9
3 9 2 D
3 9 3 A
3 9 4 P
3 9 5 N
3 9 6 N
3 9 7 T
3 9 8 Q
3 9 9 S
3 9 10 T
10 10
4 9 3 A
4 9 4 P
4 9 5 N
4 9 6 N
4 9 7 T
4 9 8 Q
4 9 9 S
4 9 10 T
4 9 11 D
11 11
5 9 4 P
5 9 5 N
5 9 6 N
5 9 7 T
5 9 8 Q
5 9 9 S
5 9 10 T
5 9 11 D
5 9 12 N
12 12
6 9 5 N
6 9 6 N
6 9 7 T
6 9 8 Q
6 9 9 S
6 9 10 T
6 9 11 D
6 9 12 N
6 9 13 T
13 13
7 9 6 N
7 9 7 T
7 9 8 Q
7 9 9 S
7 9 10 T
7 9 11 D
7 9 12 N
7 9 13 T
7 9 14 Q
14 14
8 9 7 T
8 9 8 Q
8 9 9 S
8 9 10 T
8 9 11 D
8 9 12 N
8 9 13 T
8 9 14 Q
8 9 15 A
9 9 8 Q
9 9 9 S
9 9 10 T
9 9 11 D
9 9 12 N
9 9 13 T
9 9 14 Q
9 9 15 A
9 9 16 A
1 10 0 T
1 10 1 I
1 10 2 D
1 10 3 A
1 10 4 P
1 10 5 N
1 10 6 N
1 10 7 T
1 10 8 Q
1 10 9 S
9 9
2 10 1 I
2 10 2 D
2 10 3 A
2 10 4 P
2 10 5 N
2 10 6 N
2 10 7 T
2 10 8 Q
2 10 9 S
2 10 10 T
10 10
3 10 2 D
3 10 3 A
3 10 4 P
3 10 5 N
3 10 6 N
3 10 7 T
3 10 8 Q
3 10 9 S
3 10 10 T
3 10 11 D
11 11
4 10 3 A
4 10 4 P
4 10 5 N
4 10 6 N
4 10 7 T
4 10 8 Q
4 10 9 S
4 10 10 T
4 10 11 D
4 10 12 N
12 12
5 10 4 P
5 10 5 N
5 10 6 N
5 10 7 T
5 10 8 Q
5 10 9 S
5 10 10 T
5 10 11 D
5 10 12 N
5 10 13 T
13 13
6 10 5 N
6 10 6 N
6 10 7 T
6 10 8 Q
6 10 9 S
6 10 10 T
6 10 11 D
6 10 12 N
6 10 13 T
6 10 14 Q
14 14
7 10 6 N
7 10 7 T
7 10 8 Q
7 10 9 S
7 10 10 T
7 10 11 D
7 10 12 N
7 10 13 T
7 10 14 Q
7 10 15 A
8 10 7 T
8 10 8 Q
8 10 9 S
8 10 10 T
8 10 11 D
8 10 12 N
8 10 13 T
8 10 14 Q
8 10 15 A
8 10 16 A
1 11 0 T
1 11 1 I
1 11 2 D
1 11 3 A
1 11 4 P
1 11 5 N
1 11 6 N
1 11 7 T
1 11 8 Q
1 11 9 S
1 11 10 T
10 10
2 11 1 I
2 11 2 D
2 11 3 A
2 11 4 P
2 11 5 N
2 11 6 N
2 11 7 T
2 11 8 Q
2 11 9 S
2 11 10 T
2 11 11 D
11 11
3 11 2 D
3 11 3 A
3 11 4 P
3 11 5 N
3 11 6 N
3 11 7 T
3 11 8 Q
3 11 9 S
3 11 10 T
3 11 11 D
3 11 12 N
12 12
4 11 3 A
4 11 4 P
4 11 5 N
4 11 6 N
4 11 7 T
4 11 8 Q
4 11 9 S
4 11 10 T
4 11 11 D
4 11 12 N
4 11 13 T
13 13
5 11 4 P
5 11 5 N
5 11 6 N
5 11 7 T
5 11 8 Q
5 11 9 S
5 11 10 T
5 11 11 D
5 11 12 N
5 11 13 T
5 11 14 Q
14 14
6 11 5 N
6 11 6 N
6 11 7 T
6 11 8 Q
6 11 9 S
6 11 10 T
6 11 11 D
6 11 12 N
6 11 13 T
6 11 14 Q
6 11 15 A
7 11 6 N
7 11 7 T
7 11 8 Q
7 11 9 S
7 11 10 T
7 11 11 D
7 11 12 N
7 11 13 T
7 11 14 Q
7 11 15 A
7 11 16 A
1 12 0 T
1 12 1 I
1 12 2 D
1 12 3 A
1 12 4 P
1 12 5 N
1 12 6 N
1 12 7 T
1 12 8 Q
1 12 9 S
1 12 10 T
1 12 11 D
11 11
2 12 1 I
2 12 2 D
2 12 3 A
2 12 4 P
2 12 5 N
2 12 6 N
2 12 7 T
2 12 8 Q
2 12 9 S
2 12 10 T
2 12 11 D
2 12 12 N
12 12
3 12 2 D
3 12 3 A
3 12 4 P
3 12 5 N
3 12 6 N
3 12 7 T
3 12 8 Q
3 12 9 S
3 12 10 T
3 12 11 D
3 12 12 N
3 12 13 T
13 13
4 12 3 A
4 12 4 P
4 12 5 N
4 12 6 N
4 12 7 T
4 12 8 Q
4 12 9 S
4 12 10 T
4 12 11 D
4 12 12 N
4 12 13 T
4 12 14 Q
14 14
5 12 4 P
5 12 5 N
5 12 6 N
5 12 7 T
5 12 8 Q
5 12 9 S
5 12 10 T
5 12 11 D
5 12 12 N
5 12 13 T
5 12 14 Q
5 12 15 A
6 12 5 N
6 12 6 N
6 12 7 T
6 12 8 Q
6 12 9 S
6 12 10 T
6 12 11 D
6 12 12 N
6 12 13 T
6 12 14 Q
6 12 15 A
6 12 16 A
1 13 0 T
1 13 1 I
1 13 2 D
1 13 3 A
1 13 4 P
1 13 5 N
1 13 6 N
1 13 7 T
1 13 8 Q
1 13 9 S
1 13 10 T
1 13 11 D
1 13 12 N
12 12
2 13 1 I
2 13 2 D
2 13 3 A
2 13 4 P
2 13 5 N
2 13 6 N
2 13 7 T
2 13 8 Q
2 13 9 S
2 13 10 T
2 13 11 D
2 13 12 N
2 13 13 T
13 13
3 13 2 D
3 13 3 A
3 13 4 P
3 13 5 N
3 13 6 N
3 13 7 T
3 13 8 Q
3 13 9 S
3 13 10 T
3 13 11 D
3 13 12 N
3 13 13 T
3 13 14 Q
14 14
4 13 3 A
4 13 4 P
4 13 5 N
4 13 6 N
4 13 7 T
4 13 8 Q
4 13 9 S
4 13 10 T
4 13 11 D
4 13 12 N
4 13 13 T
4 13 14 Q
4 13 15 A
5 13 4 P
5 13 5 N
5 13 6 N
5 13 7 T
5 13 8 Q
5 13 9 S
5 13 10 T
5 13 11 D
5 13 12 N
5 13 13 T
5 13 14 Q
5 13 15 A
5 13 16 A
1 14 0 T
1 14 1 I
1 14 2 D
1 14 3 A
1 14 4 P
1 14 5 N
1 14 6 N
1 14 7 T
1 14 8 Q
1 14 9 S
1 14 10 T
1 14 11 D
1 14 12 N
1 14 13 T
13 13
2 14 1 I
2 14 2 D
2 14 3 A
2 14 4 P
2 14 5 N
2 14 6 N
2 14 7 T
2 14 8 Q
2 14 9 S
2 14 10 T
2 14 11 D
2 14 12 N
2 14 13 T
2 14 14 Q
14 14
3 14 2 D
3 14 3 A
3 14 4 P
3 14 5 N
3 14 6 N
3 14 7 T
3 14 8 Q
3 14 9 S
3 14 10 T
3 14 11 D
3 14 12 N
3 14 13 T
3 14 14 Q
3 14 15 A
4 14 3 A
4 14 4 P
4 14 5 N
4 14 6 N
4 14 7 T
4 14 8 Q
4 14 9 S
4 14 10 T
4 14 11 D
4 14 12 N
4 14 13 T
4 14 14 Q
4 14 15 A
4 14 16 A
1 15 0 T
1 15 1 I
1 15 2 D
1 15 3 A
1 15 4 P
1 15 5 N
1 15 6 N
1 15 7 T
1 15 8 Q
1 15 9 S
1 15 10 T
1 15 11 D
1 15 12 N
1 15 13 T
1 15 14 Q
14 14
2 15 1 I
2 15 2 D
2 15 3 A
2 15 4 P
2 15 5 N
2 15 6 N
2 15 7 T
2 15 8 Q
2 15 9 S
2 15 10 T
2 15 11 D
2 15 12 N
2 15 13 T
2 15 14 Q
2 15 15 A
3 15 2 D
3 15 3 A
3 15 4 P
3 15 5 N
3 15 6 N
3 15 7 T
3 15 8 Q
3 15 9 S
3 15 10 T
3 15 11 D
3 15 12 N
3 15 13 T
3 15 14 Q
3 15 15 A
3 15 16 A
1 16 0 T
1 16 1 I
1 16 2 D
1 16 3 A
1 16 4 P
1 16 5 N
1 16 6 N
1 16 7 T
1 16 8 Q
1 16 9 S
1 16 10 T
1 16 11 D
1 16 12 N
1 16 13 T
1 16 14 Q
1 16 15 A
2 16 1 I
2 16 2 D
2 16 3 A
2 16 4 P
2 16 5 N
2 16 6 N
2 16 7 T
2 16 8 Q
2 16 9 S
2 16 10 T
2 16 11 D
2 16 12 N
2 16 13 T
2 16 14 Q
2 16 15 A
2 16 16 A
1 17 0 T
1 17 1 I
1 17 2 D
1 17 3 A
1 17 4 P
1 17 5 N
1 17 6 N
1 17 7 T
1 17 8 Q
1 17 9 S
1 17 10 T
1 17 11 D
1 17 12 N
1 17 13 T
1 17 14 Q
1 17 15 A
1 17 16 A
betaaggr
partition
AGG 0 AMYLO 0.0123566 TURN 8.80387 HELIX 0 HELAGG 0 BETA30.3552
