Do you want a prediction per residue?. If yes type Y. Default, N
Type the name of the file with the peptide names, conditions and sequence in one letter code and press Enter
Ficher = A0A6B0CNH3
Nterm = N
Cterm = N
pH = 7
temperatura = 298
ionic = 0.1
Stability = 0
Concentration = 1
aminoacido = AYNVTTHADGTATYGPRVTK
1 peptides run, last one A0A6B0CNH3 N N 7.00 298.00 0.10 AYNVTTHADGTATYGPRVTK
1 6 0 A
1 6 1 Y
1 6 2 N
1 6 3 V
1 6 4 T
1 6 5 T
5 5
2 6 1 Y
2 6 2 N
2 6 3 V
2 6 4 T
2 6 5 T
2 6 6 H
6 6
3 6 2 N
3 6 3 V
3 6 4 T
3 6 5 T
3 6 6 H
3 6 7 A
4 6 3 V
4 6 4 T
4 6 5 T
4 6 6 H
4 6 7 A
4 6 8 D
8 8
5 6 4 T
5 6 5 T
5 6 6 H
5 6 7 A
5 6 8 D
5 6 9 G
9 9
6 6 5 T
6 6 6 H
6 6 7 A
6 6 8 D
6 6 9 G
6 6 10 T
10 10
7 6 6 H
7 6 7 A
7 6 8 D
7 6 9 G
7 6 10 T
7 6 11 A
8 6 7 A
8 6 8 D
8 6 9 G
8 6 10 T
8 6 11 A
8 6 12 T
12 12
9 6 8 D
9 6 9 G
9 6 10 T
9 6 11 A
9 6 12 T
9 6 13 Y
13 13
10 6 9 G
10 6 10 T
10 6 11 A
10 6 12 T
10 6 13 Y
10 6 14 G
14 14
11 6 10 T
11 6 11 A
11 6 12 T
11 6 13 Y
11 6 14 G
11 6 15 P
12 6 11 A
12 6 12 T
12 6 13 Y
12 6 14 G
12 6 15 P
12 6 16 R
16 16
13 6 12 T
13 6 13 Y
13 6 14 G
13 6 15 P
13 6 16 R
13 6 17 V
17 17
14 6 13 Y
14 6 14 G
14 6 15 P
14 6 16 R
14 6 17 V
14 6 18 T
18 18
15 6 14 G
15 6 15 P
15 6 16 R
15 6 17 V
15 6 18 T
15 6 19 K
19 19
1 7 0 A
1 7 1 Y
1 7 2 N
1 7 3 V
1 7 4 T
1 7 5 T
1 7 6 H
6 6
2 7 1 Y
2 7 2 N
2 7 3 V
2 7 4 T
2 7 5 T
2 7 6 H
2 7 7 A
3 7 2 N
3 7 3 V
3 7 4 T
3 7 5 T
3 7 6 H
3 7 7 A
3 7 8 D
8 8
4 7 3 V
4 7 4 T
4 7 5 T
4 7 6 H
4 7 7 A
4 7 8 D
4 7 9 G
9 9
5 7 4 T
5 7 5 T
5 7 6 H
5 7 7 A
5 7 8 D
5 7 9 G
5 7 10 T
10 10
6 7 5 T
6 7 6 H
6 7 7 A
6 7 8 D
6 7 9 G
6 7 10 T
6 7 11 A
7 7 6 H
7 7 7 A
7 7 8 D
7 7 9 G
7 7 10 T
7 7 11 A
7 7 12 T
12 12
8 7 7 A
8 7 8 D
8 7 9 G
8 7 10 T
8 7 11 A
8 7 12 T
8 7 13 Y
13 13
9 7 8 D
9 7 9 G
9 7 10 T
9 7 11 A
9 7 12 T
9 7 13 Y
9 7 14 G
14 14
10 7 9 G
10 7 10 T
10 7 11 A
10 7 12 T
10 7 13 Y
10 7 14 G
10 7 15 P
11 7 10 T
11 7 11 A
11 7 12 T
11 7 13 Y
11 7 14 G
11 7 15 P
11 7 16 R
16 16
12 7 11 A
12 7 12 T
12 7 13 Y
12 7 14 G
12 7 15 P
12 7 16 R
12 7 17 V
17 17
13 7 12 T
13 7 13 Y
13 7 14 G
13 7 15 P
13 7 16 R
13 7 17 V
13 7 18 T
18 18
14 7 13 Y
14 7 14 G
14 7 15 P
14 7 16 R
14 7 17 V
14 7 18 T
14 7 19 K
19 19
1 8 0 A
1 8 1 Y
1 8 2 N
1 8 3 V
1 8 4 T
1 8 5 T
1 8 6 H
1 8 7 A
2 8 1 Y
2 8 2 N
2 8 3 V
2 8 4 T
2 8 5 T
2 8 6 H
2 8 7 A
2 8 8 D
8 8
3 8 2 N
3 8 3 V
3 8 4 T
3 8 5 T
3 8 6 H
3 8 7 A
3 8 8 D
3 8 9 G
9 9
4 8 3 V
4 8 4 T
4 8 5 T
4 8 6 H
4 8 7 A
4 8 8 D
4 8 9 G
4 8 10 T
10 10
5 8 4 T
5 8 5 T
5 8 6 H
5 8 7 A
5 8 8 D
5 8 9 G
5 8 10 T
5 8 11 A
6 8 5 T
6 8 6 H
6 8 7 A
6 8 8 D
6 8 9 G
6 8 10 T
6 8 11 A
6 8 12 T
12 12
7 8 6 H
7 8 7 A
7 8 8 D
7 8 9 G
7 8 10 T
7 8 11 A
7 8 12 T
7 8 13 Y
13 13
8 8 7 A
8 8 8 D
8 8 9 G
8 8 10 T
8 8 11 A
8 8 12 T
8 8 13 Y
8 8 14 G
14 14
9 8 8 D
9 8 9 G
9 8 10 T
9 8 11 A
9 8 12 T
9 8 13 Y
9 8 14 G
9 8 15 P
10 8 9 G
10 8 10 T
10 8 11 A
10 8 12 T
10 8 13 Y
10 8 14 G
10 8 15 P
10 8 16 R
16 16
11 8 10 T
11 8 11 A
11 8 12 T
11 8 13 Y
11 8 14 G
11 8 15 P
11 8 16 R
11 8 17 V
17 17
12 8 11 A
12 8 12 T
12 8 13 Y
12 8 14 G
12 8 15 P
12 8 16 R
12 8 17 V
12 8 18 T
18 18
13 8 12 T
13 8 13 Y
13 8 14 G
13 8 15 P
13 8 16 R
13 8 17 V
13 8 18 T
13 8 19 K
19 19
1 9 0 A
1 9 1 Y
1 9 2 N
1 9 3 V
1 9 4 T
1 9 5 T
1 9 6 H
1 9 7 A
1 9 8 D
8 8
2 9 1 Y
2 9 2 N
2 9 3 V
2 9 4 T
2 9 5 T
2 9 6 H
2 9 7 A
2 9 8 D
2 9 9 G
9 9
3 9 2 N
3 9 3 V
3 9 4 T
3 9 5 T
3 9 6 H
3 9 7 A
3 9 8 D
3 9 9 G
3 9 10 T
10 10
4 9 3 V
4 9 4 T
4 9 5 T
4 9 6 H
4 9 7 A
4 9 8 D
4 9 9 G
4 9 10 T
4 9 11 A
5 9 4 T
5 9 5 T
5 9 6 H
5 9 7 A
5 9 8 D
5 9 9 G
5 9 10 T
5 9 11 A
5 9 12 T
12 12
6 9 5 T
6 9 6 H
6 9 7 A
6 9 8 D
6 9 9 G
6 9 10 T
6 9 11 A
6 9 12 T
6 9 13 Y
13 13
7 9 6 H
7 9 7 A
7 9 8 D
7 9 9 G
7 9 10 T
7 9 11 A
7 9 12 T
7 9 13 Y
7 9 14 G
14 14
8 9 7 A
8 9 8 D
8 9 9 G
8 9 10 T
8 9 11 A
8 9 12 T
8 9 13 Y
8 9 14 G
8 9 15 P
9 9 8 D
9 9 9 G
9 9 10 T
9 9 11 A
9 9 12 T
9 9 13 Y
9 9 14 G
9 9 15 P
9 9 16 R
16 16
10 9 9 G
10 9 10 T
10 9 11 A
10 9 12 T
10 9 13 Y
10 9 14 G
10 9 15 P
10 9 16 R
10 9 17 V
17 17
11 9 10 T
11 9 11 A
11 9 12 T
11 9 13 Y
11 9 14 G
11 9 15 P
11 9 16 R
11 9 17 V
11 9 18 T
18 18
12 9 11 A
12 9 12 T
12 9 13 Y
12 9 14 G
12 9 15 P
12 9 16 R
12 9 17 V
12 9 18 T
12 9 19 K
19 19
1 10 0 A
1 10 1 Y
1 10 2 N
1 10 3 V
1 10 4 T
1 10 5 T
1 10 6 H
1 10 7 A
1 10 8 D
1 10 9 G
9 9
2 10 1 Y
2 10 2 N
2 10 3 V
2 10 4 T
2 10 5 T
2 10 6 H
2 10 7 A
2 10 8 D
2 10 9 G
2 10 10 T
10 10
3 10 2 N
3 10 3 V
3 10 4 T
3 10 5 T
3 10 6 H
3 10 7 A
3 10 8 D
3 10 9 G
3 10 10 T
3 10 11 A
4 10 3 V
4 10 4 T
4 10 5 T
4 10 6 H
4 10 7 A
4 10 8 D
4 10 9 G
4 10 10 T
4 10 11 A
4 10 12 T
12 12
5 10 4 T
5 10 5 T
5 10 6 H
5 10 7 A
5 10 8 D
5 10 9 G
5 10 10 T
5 10 11 A
5 10 12 T
5 10 13 Y
13 13
6 10 5 T
6 10 6 H
6 10 7 A
6 10 8 D
6 10 9 G
6 10 10 T
6 10 11 A
6 10 12 T
6 10 13 Y
6 10 14 G
14 14
7 10 6 H
7 10 7 A
7 10 8 D
7 10 9 G
7 10 10 T
7 10 11 A
7 10 12 T
7 10 13 Y
7 10 14 G
7 10 15 P
8 10 7 A
8 10 8 D
8 10 9 G
8 10 10 T
8 10 11 A
8 10 12 T
8 10 13 Y
8 10 14 G
8 10 15 P
8 10 16 R
16 16
9 10 8 D
9 10 9 G
9 10 10 T
9 10 11 A
9 10 12 T
9 10 13 Y
9 10 14 G
9 10 15 P
9 10 16 R
9 10 17 V
17 17
10 10 9 G
10 10 10 T
10 10 11 A
10 10 12 T
10 10 13 Y
10 10 14 G
10 10 15 P
10 10 16 R
10 10 17 V
10 10 18 T
18 18
11 10 10 T
11 10 11 A
11 10 12 T
11 10 13 Y
11 10 14 G
11 10 15 P
11 10 16 R
11 10 17 V
11 10 18 T
11 10 19 K
19 19
1 11 0 A
1 11 1 Y
1 11 2 N
1 11 3 V
1 11 4 T
1 11 5 T
1 11 6 H
1 11 7 A
1 11 8 D
1 11 9 G
1 11 10 T
10 10
2 11 1 Y
2 11 2 N
2 11 3 V
2 11 4 T
2 11 5 T
2 11 6 H
2 11 7 A
2 11 8 D
2 11 9 G
2 11 10 T
2 11 11 A
3 11 2 N
3 11 3 V
3 11 4 T
3 11 5 T
3 11 6 H
3 11 7 A
3 11 8 D
3 11 9 G
3 11 10 T
3 11 11 A
3 11 12 T
12 12
4 11 3 V
4 11 4 T
4 11 5 T
4 11 6 H
4 11 7 A
4 11 8 D
4 11 9 G
4 11 10 T
4 11 11 A
4 11 12 T
4 11 13 Y
13 13
5 11 4 T
5 11 5 T
5 11 6 H
5 11 7 A
5 11 8 D
5 11 9 G
5 11 10 T
5 11 11 A
5 11 12 T
5 11 13 Y
5 11 14 G
14 14
6 11 5 T
6 11 6 H
6 11 7 A
6 11 8 D
6 11 9 G
6 11 10 T
6 11 11 A
6 11 12 T
6 11 13 Y
6 11 14 G
6 11 15 P
7 11 6 H
7 11 7 A
7 11 8 D
7 11 9 G
7 11 10 T
7 11 11 A
7 11 12 T
7 11 13 Y
7 11 14 G
7 11 15 P
7 11 16 R
16 16
8 11 7 A
8 11 8 D
8 11 9 G
8 11 10 T
8 11 11 A
8 11 12 T
8 11 13 Y
8 11 14 G
8 11 15 P
8 11 16 R
8 11 17 V
17 17
9 11 8 D
9 11 9 G
9 11 10 T
9 11 11 A
9 11 12 T
9 11 13 Y
9 11 14 G
9 11 15 P
9 11 16 R
9 11 17 V
9 11 18 T
18 18
10 11 9 G
10 11 10 T
10 11 11 A
10 11 12 T
10 11 13 Y
10 11 14 G
10 11 15 P
10 11 16 R
10 11 17 V
10 11 18 T
10 11 19 K
19 19
1 12 0 A
1 12 1 Y
1 12 2 N
1 12 3 V
1 12 4 T
1 12 5 T
1 12 6 H
1 12 7 A
1 12 8 D
1 12 9 G
1 12 10 T
1 12 11 A
2 12 1 Y
2 12 2 N
2 12 3 V
2 12 4 T
2 12 5 T
2 12 6 H
2 12 7 A
2 12 8 D
2 12 9 G
2 12 10 T
2 12 11 A
2 12 12 T
12 12
3 12 2 N
3 12 3 V
3 12 4 T
3 12 5 T
3 12 6 H
3 12 7 A
3 12 8 D
3 12 9 G
3 12 10 T
3 12 11 A
3 12 12 T
3 12 13 Y
13 13
4 12 3 V
4 12 4 T
4 12 5 T
4 12 6 H
4 12 7 A
4 12 8 D
4 12 9 G
4 12 10 T
4 12 11 A
4 12 12 T
4 12 13 Y
4 12 14 G
14 14
5 12 4 T
5 12 5 T
5 12 6 H
5 12 7 A
5 12 8 D
5 12 9 G
5 12 10 T
5 12 11 A
5 12 12 T
5 12 13 Y
5 12 14 G
5 12 15 P
6 12 5 T
6 12 6 H
6 12 7 A
6 12 8 D
6 12 9 G
6 12 10 T
6 12 11 A
6 12 12 T
6 12 13 Y
6 12 14 G
6 12 15 P
6 12 16 R
16 16
7 12 6 H
7 12 7 A
7 12 8 D
7 12 9 G
7 12 10 T
7 12 11 A
7 12 12 T
7 12 13 Y
7 12 14 G
7 12 15 P
7 12 16 R
7 12 17 V
17 17
8 12 7 A
8 12 8 D
8 12 9 G
8 12 10 T
8 12 11 A
8 12 12 T
8 12 13 Y
8 12 14 G
8 12 15 P
8 12 16 R
8 12 17 V
8 12 18 T
18 18
9 12 8 D
9 12 9 G
9 12 10 T
9 12 11 A
9 12 12 T
9 12 13 Y
9 12 14 G
9 12 15 P
9 12 16 R
9 12 17 V
9 12 18 T
9 12 19 K
19 19
1 13 0 A
1 13 1 Y
1 13 2 N
1 13 3 V
1 13 4 T
1 13 5 T
1 13 6 H
1 13 7 A
1 13 8 D
1 13 9 G
1 13 10 T
1 13 11 A
1 13 12 T
12 12
2 13 1 Y
2 13 2 N
2 13 3 V
2 13 4 T
2 13 5 T
2 13 6 H
2 13 7 A
2 13 8 D
2 13 9 G
2 13 10 T
2 13 11 A
2 13 12 T
2 13 13 Y
13 13
3 13 2 N
3 13 3 V
3 13 4 T
3 13 5 T
3 13 6 H
3 13 7 A
3 13 8 D
3 13 9 G
3 13 10 T
3 13 11 A
3 13 12 T
3 13 13 Y
3 13 14 G
14 14
4 13 3 V
4 13 4 T
4 13 5 T
4 13 6 H
4 13 7 A
4 13 8 D
4 13 9 G
4 13 10 T
4 13 11 A
4 13 12 T
4 13 13 Y
4 13 14 G
4 13 15 P
5 13 4 T
5 13 5 T
5 13 6 H
5 13 7 A
5 13 8 D
5 13 9 G
5 13 10 T
5 13 11 A
5 13 12 T
5 13 13 Y
5 13 14 G
5 13 15 P
5 13 16 R
16 16
6 13 5 T
6 13 6 H
6 13 7 A
6 13 8 D
6 13 9 G
6 13 10 T
6 13 11 A
6 13 12 T
6 13 13 Y
6 13 14 G
6 13 15 P
6 13 16 R
6 13 17 V
17 17
7 13 6 H
7 13 7 A
7 13 8 D
7 13 9 G
7 13 10 T
7 13 11 A
7 13 12 T
7 13 13 Y
7 13 14 G
7 13 15 P
7 13 16 R
7 13 17 V
7 13 18 T
18 18
8 13 7 A
8 13 8 D
8 13 9 G
8 13 10 T
8 13 11 A
8 13 12 T
8 13 13 Y
8 13 14 G
8 13 15 P
8 13 16 R
8 13 17 V
8 13 18 T
8 13 19 K
19 19
1 14 0 A
1 14 1 Y
1 14 2 N
1 14 3 V
1 14 4 T
1 14 5 T
1 14 6 H
1 14 7 A
1 14 8 D
1 14 9 G
1 14 10 T
1 14 11 A
1 14 12 T
1 14 13 Y
13 13
2 14 1 Y
2 14 2 N
2 14 3 V
2 14 4 T
2 14 5 T
2 14 6 H
2 14 7 A
2 14 8 D
2 14 9 G
2 14 10 T
2 14 11 A
2 14 12 T
2 14 13 Y
2 14 14 G
14 14
3 14 2 N
3 14 3 V
3 14 4 T
3 14 5 T
3 14 6 H
3 14 7 A
3 14 8 D
3 14 9 G
3 14 10 T
3 14 11 A
3 14 12 T
3 14 13 Y
3 14 14 G
3 14 15 P
4 14 3 V
4 14 4 T
4 14 5 T
4 14 6 H
4 14 7 A
4 14 8 D
4 14 9 G
4 14 10 T
4 14 11 A
4 14 12 T
4 14 13 Y
4 14 14 G
4 14 15 P
4 14 16 R
16 16
5 14 4 T
5 14 5 T
5 14 6 H
5 14 7 A
5 14 8 D
5 14 9 G
5 14 10 T
5 14 11 A
5 14 12 T
5 14 13 Y
5 14 14 G
5 14 15 P
5 14 16 R
5 14 17 V
17 17
6 14 5 T
6 14 6 H
6 14 7 A
6 14 8 D
6 14 9 G
6 14 10 T
6 14 11 A
6 14 12 T
6 14 13 Y
6 14 14 G
6 14 15 P
6 14 16 R
6 14 17 V
6 14 18 T
18 18
7 14 6 H
7 14 7 A
7 14 8 D
7 14 9 G
7 14 10 T
7 14 11 A
7 14 12 T
7 14 13 Y
7 14 14 G
7 14 15 P
7 14 16 R
7 14 17 V
7 14 18 T
7 14 19 K
19 19
1 15 0 A
1 15 1 Y
1 15 2 N
1 15 3 V
1 15 4 T
1 15 5 T
1 15 6 H
1 15 7 A
1 15 8 D
1 15 9 G
1 15 10 T
1 15 11 A
1 15 12 T
1 15 13 Y
1 15 14 G
14 14
2 15 1 Y
2 15 2 N
2 15 3 V
2 15 4 T
2 15 5 T
2 15 6 H
2 15 7 A
2 15 8 D
2 15 9 G
2 15 10 T
2 15 11 A
2 15 12 T
2 15 13 Y
2 15 14 G
2 15 15 P
3 15 2 N
3 15 3 V
3 15 4 T
3 15 5 T
3 15 6 H
3 15 7 A
3 15 8 D
3 15 9 G
3 15 10 T
3 15 11 A
3 15 12 T
3 15 13 Y
3 15 14 G
3 15 15 P
3 15 16 R
16 16
4 15 3 V
4 15 4 T
4 15 5 T
4 15 6 H
4 15 7 A
4 15 8 D
4 15 9 G
4 15 10 T
4 15 11 A
4 15 12 T
4 15 13 Y
4 15 14 G
4 15 15 P
4 15 16 R
4 15 17 V
17 17
5 15 4 T
5 15 5 T
5 15 6 H
5 15 7 A
5 15 8 D
5 15 9 G
5 15 10 T
5 15 11 A
5 15 12 T
5 15 13 Y
5 15 14 G
5 15 15 P
5 15 16 R
5 15 17 V
5 15 18 T
18 18
6 15 5 T
6 15 6 H
6 15 7 A
6 15 8 D
6 15 9 G
6 15 10 T
6 15 11 A
6 15 12 T
6 15 13 Y
6 15 14 G
6 15 15 P
6 15 16 R
6 15 17 V
6 15 18 T
6 15 19 K
19 19
1 16 0 A
1 16 1 Y
1 16 2 N
1 16 3 V
1 16 4 T
1 16 5 T
1 16 6 H
1 16 7 A
1 16 8 D
1 16 9 G
1 16 10 T
1 16 11 A
1 16 12 T
1 16 13 Y
1 16 14 G
1 16 15 P
2 16 1 Y
2 16 2 N
2 16 3 V
2 16 4 T
2 16 5 T
2 16 6 H
2 16 7 A
2 16 8 D
2 16 9 G
2 16 10 T
2 16 11 A
2 16 12 T
2 16 13 Y
2 16 14 G
2 16 15 P
2 16 16 R
16 16
3 16 2 N
3 16 3 V
3 16 4 T
3 16 5 T
3 16 6 H
3 16 7 A
3 16 8 D
3 16 9 G
3 16 10 T
3 16 11 A
3 16 12 T
3 16 13 Y
3 16 14 G
3 16 15 P
3 16 16 R
3 16 17 V
17 17
4 16 3 V
4 16 4 T
4 16 5 T
4 16 6 H
4 16 7 A
4 16 8 D
4 16 9 G
4 16 10 T
4 16 11 A
4 16 12 T
4 16 13 Y
4 16 14 G
4 16 15 P
4 16 16 R
4 16 17 V
4 16 18 T
18 18
5 16 4 T
5 16 5 T
5 16 6 H
5 16 7 A
5 16 8 D
5 16 9 G
5 16 10 T
5 16 11 A
5 16 12 T
5 16 13 Y
5 16 14 G
5 16 15 P
5 16 16 R
5 16 17 V
5 16 18 T
5 16 19 K
19 19
1 17 0 A
1 17 1 Y
1 17 2 N
1 17 3 V
1 17 4 T
1 17 5 T
1 17 6 H
1 17 7 A
1 17 8 D
1 17 9 G
1 17 10 T
1 17 11 A
1 17 12 T
1 17 13 Y
1 17 14 G
1 17 15 P
1 17 16 R
16 16
2 17 1 Y
2 17 2 N
2 17 3 V
2 17 4 T
2 17 5 T
2 17 6 H
2 17 7 A
2 17 8 D
2 17 9 G
2 17 10 T
2 17 11 A
2 17 12 T
2 17 13 Y
2 17 14 G
2 17 15 P
2 17 16 R
2 17 17 V
17 17
3 17 2 N
3 17 3 V
3 17 4 T
3 17 5 T
3 17 6 H
3 17 7 A
3 17 8 D
3 17 9 G
3 17 10 T
3 17 11 A
3 17 12 T
3 17 13 Y
3 17 14 G
3 17 15 P
3 17 16 R
3 17 17 V
3 17 18 T
18 18
4 17 3 V
4 17 4 T
4 17 5 T
4 17 6 H
4 17 7 A
4 17 8 D
4 17 9 G
4 17 10 T
4 17 11 A
4 17 12 T
4 17 13 Y
4 17 14 G
4 17 15 P
4 17 16 R
4 17 17 V
4 17 18 T
4 17 19 K
19 19
1 18 0 A
1 18 1 Y
1 18 2 N
1 18 3 V
1 18 4 T
1 18 5 T
1 18 6 H
1 18 7 A
1 18 8 D
1 18 9 G
1 18 10 T
1 18 11 A
1 18 12 T
1 18 13 Y
1 18 14 G
1 18 15 P
1 18 16 R
1 18 17 V
17 17
2 18 1 Y
2 18 2 N
2 18 3 V
2 18 4 T
2 18 5 T
2 18 6 H
2 18 7 A
2 18 8 D
2 18 9 G
2 18 10 T
2 18 11 A
2 18 12 T
2 18 13 Y
2 18 14 G
2 18 15 P
2 18 16 R
2 18 17 V
2 18 18 T
18 18
3 18 2 N
3 18 3 V
3 18 4 T
3 18 5 T
3 18 6 H
3 18 7 A
3 18 8 D
3 18 9 G
3 18 10 T
3 18 11 A
3 18 12 T
3 18 13 Y
3 18 14 G
3 18 15 P
3 18 16 R
3 18 17 V
3 18 18 T
3 18 19 K
19 19
1 19 0 A
1 19 1 Y
1 19 2 N
1 19 3 V
1 19 4 T
1 19 5 T
1 19 6 H
1 19 7 A
1 19 8 D
1 19 9 G
1 19 10 T
1 19 11 A
1 19 12 T
1 19 13 Y
1 19 14 G
1 19 15 P
1 19 16 R
1 19 17 V
1 19 18 T
18 18
2 19 1 Y
2 19 2 N
2 19 3 V
2 19 4 T
2 19 5 T
2 19 6 H
2 19 7 A
2 19 8 D
2 19 9 G
2 19 10 T
2 19 11 A
2 19 12 T
2 19 13 Y
2 19 14 G
2 19 15 P
2 19 16 R
2 19 17 V
2 19 18 T
2 19 19 K
19 19
1 20 0 A
1 20 1 Y
1 20 2 N
1 20 3 V
1 20 4 T
1 20 5 T
1 20 6 H
1 20 7 A
1 20 8 D
1 20 9 G
1 20 10 T
1 20 11 A
1 20 12 T
1 20 13 Y
1 20 14 G
1 20 15 P
1 20 16 R
1 20 17 V
1 20 18 T
1 20 19 K
19 19
betaaggr
partition
AGG 0 AMYLO 326.185 TURN 13.1825 HELIX 1.96808 HELAGG 0 BETA54.389
