Do you want a prediction per residue?. If yes type Y. Default, N
Type the name of the file with the peptide names, conditions and sequence in one letter code and press Enter
Ficher = A0A6B0B8D4
Nterm = N
Cterm = N
pH = 7
temperatura = 298
ionic = 0.1
Stability = 0
Concentration = 1
aminoacido = VTTHADGTATYGPRVTK
1 peptides run, last one A0A6B0B8D4 N N 7.00 298.00 0.10 VTTHADGTATYGPRVTK
1 6 0 V
1 6 1 T
1 6 2 T
1 6 3 H
1 6 4 A
1 6 5 D
5 5
2 6 1 T
2 6 2 T
2 6 3 H
2 6 4 A
2 6 5 D
2 6 6 G
6 6
3 6 2 T
3 6 3 H
3 6 4 A
3 6 5 D
3 6 6 G
3 6 7 T
7 7
4 6 3 H
4 6 4 A
4 6 5 D
4 6 6 G
4 6 7 T
4 6 8 A
5 6 4 A
5 6 5 D
5 6 6 G
5 6 7 T
5 6 8 A
5 6 9 T
9 9
6 6 5 D
6 6 6 G
6 6 7 T
6 6 8 A
6 6 9 T
6 6 10 Y
10 10
7 6 6 G
7 6 7 T
7 6 8 A
7 6 9 T
7 6 10 Y
7 6 11 G
11 11
8 6 7 T
8 6 8 A
8 6 9 T
8 6 10 Y
8 6 11 G
8 6 12 P
9 6 8 A
9 6 9 T
9 6 10 Y
9 6 11 G
9 6 12 P
9 6 13 R
13 13
10 6 9 T
10 6 10 Y
10 6 11 G
10 6 12 P
10 6 13 R
10 6 14 V
14 14
11 6 10 Y
11 6 11 G
11 6 12 P
11 6 13 R
11 6 14 V
11 6 15 T
15 15
12 6 11 G
12 6 12 P
12 6 13 R
12 6 14 V
12 6 15 T
12 6 16 K
16 16
1 7 0 V
1 7 1 T
1 7 2 T
1 7 3 H
1 7 4 A
1 7 5 D
1 7 6 G
6 6
2 7 1 T
2 7 2 T
2 7 3 H
2 7 4 A
2 7 5 D
2 7 6 G
2 7 7 T
7 7
3 7 2 T
3 7 3 H
3 7 4 A
3 7 5 D
3 7 6 G
3 7 7 T
3 7 8 A
4 7 3 H
4 7 4 A
4 7 5 D
4 7 6 G
4 7 7 T
4 7 8 A
4 7 9 T
9 9
5 7 4 A
5 7 5 D
5 7 6 G
5 7 7 T
5 7 8 A
5 7 9 T
5 7 10 Y
10 10
6 7 5 D
6 7 6 G
6 7 7 T
6 7 8 A
6 7 9 T
6 7 10 Y
6 7 11 G
11 11
7 7 6 G
7 7 7 T
7 7 8 A
7 7 9 T
7 7 10 Y
7 7 11 G
7 7 12 P
8 7 7 T
8 7 8 A
8 7 9 T
8 7 10 Y
8 7 11 G
8 7 12 P
8 7 13 R
13 13
9 7 8 A
9 7 9 T
9 7 10 Y
9 7 11 G
9 7 12 P
9 7 13 R
9 7 14 V
14 14
10 7 9 T
10 7 10 Y
10 7 11 G
10 7 12 P
10 7 13 R
10 7 14 V
10 7 15 T
15 15
11 7 10 Y
11 7 11 G
11 7 12 P
11 7 13 R
11 7 14 V
11 7 15 T
11 7 16 K
16 16
1 8 0 V
1 8 1 T
1 8 2 T
1 8 3 H
1 8 4 A
1 8 5 D
1 8 6 G
1 8 7 T
7 7
2 8 1 T
2 8 2 T
2 8 3 H
2 8 4 A
2 8 5 D
2 8 6 G
2 8 7 T
2 8 8 A
3 8 2 T
3 8 3 H
3 8 4 A
3 8 5 D
3 8 6 G
3 8 7 T
3 8 8 A
3 8 9 T
9 9
4 8 3 H
4 8 4 A
4 8 5 D
4 8 6 G
4 8 7 T
4 8 8 A
4 8 9 T
4 8 10 Y
10 10
5 8 4 A
5 8 5 D
5 8 6 G
5 8 7 T
5 8 8 A
5 8 9 T
5 8 10 Y
5 8 11 G
11 11
6 8 5 D
6 8 6 G
6 8 7 T
6 8 8 A
6 8 9 T
6 8 10 Y
6 8 11 G
6 8 12 P
7 8 6 G
7 8 7 T
7 8 8 A
7 8 9 T
7 8 10 Y
7 8 11 G
7 8 12 P
7 8 13 R
13 13
8 8 7 T
8 8 8 A
8 8 9 T
8 8 10 Y
8 8 11 G
8 8 12 P
8 8 13 R
8 8 14 V
14 14
9 8 8 A
9 8 9 T
9 8 10 Y
9 8 11 G
9 8 12 P
9 8 13 R
9 8 14 V
9 8 15 T
15 15
10 8 9 T
10 8 10 Y
10 8 11 G
10 8 12 P
10 8 13 R
10 8 14 V
10 8 15 T
10 8 16 K
16 16
1 9 0 V
1 9 1 T
1 9 2 T
1 9 3 H
1 9 4 A
1 9 5 D
1 9 6 G
1 9 7 T
1 9 8 A
2 9 1 T
2 9 2 T
2 9 3 H
2 9 4 A
2 9 5 D
2 9 6 G
2 9 7 T
2 9 8 A
2 9 9 T
9 9
3 9 2 T
3 9 3 H
3 9 4 A
3 9 5 D
3 9 6 G
3 9 7 T
3 9 8 A
3 9 9 T
3 9 10 Y
10 10
4 9 3 H
4 9 4 A
4 9 5 D
4 9 6 G
4 9 7 T
4 9 8 A
4 9 9 T
4 9 10 Y
4 9 11 G
11 11
5 9 4 A
5 9 5 D
5 9 6 G
5 9 7 T
5 9 8 A
5 9 9 T
5 9 10 Y
5 9 11 G
5 9 12 P
6 9 5 D
6 9 6 G
6 9 7 T
6 9 8 A
6 9 9 T
6 9 10 Y
6 9 11 G
6 9 12 P
6 9 13 R
13 13
7 9 6 G
7 9 7 T
7 9 8 A
7 9 9 T
7 9 10 Y
7 9 11 G
7 9 12 P
7 9 13 R
7 9 14 V
14 14
8 9 7 T
8 9 8 A
8 9 9 T
8 9 10 Y
8 9 11 G
8 9 12 P
8 9 13 R
8 9 14 V
8 9 15 T
15 15
9 9 8 A
9 9 9 T
9 9 10 Y
9 9 11 G
9 9 12 P
9 9 13 R
9 9 14 V
9 9 15 T
9 9 16 K
16 16
1 10 0 V
1 10 1 T
1 10 2 T
1 10 3 H
1 10 4 A
1 10 5 D
1 10 6 G
1 10 7 T
1 10 8 A
1 10 9 T
9 9
2 10 1 T
2 10 2 T
2 10 3 H
2 10 4 A
2 10 5 D
2 10 6 G
2 10 7 T
2 10 8 A
2 10 9 T
2 10 10 Y
10 10
3 10 2 T
3 10 3 H
3 10 4 A
3 10 5 D
3 10 6 G
3 10 7 T
3 10 8 A
3 10 9 T
3 10 10 Y
3 10 11 G
11 11
4 10 3 H
4 10 4 A
4 10 5 D
4 10 6 G
4 10 7 T
4 10 8 A
4 10 9 T
4 10 10 Y
4 10 11 G
4 10 12 P
5 10 4 A
5 10 5 D
5 10 6 G
5 10 7 T
5 10 8 A
5 10 9 T
5 10 10 Y
5 10 11 G
5 10 12 P
5 10 13 R
13 13
6 10 5 D
6 10 6 G
6 10 7 T
6 10 8 A
6 10 9 T
6 10 10 Y
6 10 11 G
6 10 12 P
6 10 13 R
6 10 14 V
14 14
7 10 6 G
7 10 7 T
7 10 8 A
7 10 9 T
7 10 10 Y
7 10 11 G
7 10 12 P
7 10 13 R
7 10 14 V
7 10 15 T
15 15
8 10 7 T
8 10 8 A
8 10 9 T
8 10 10 Y
8 10 11 G
8 10 12 P
8 10 13 R
8 10 14 V
8 10 15 T
8 10 16 K
16 16
1 11 0 V
1 11 1 T
1 11 2 T
1 11 3 H
1 11 4 A
1 11 5 D
1 11 6 G
1 11 7 T
1 11 8 A
1 11 9 T
1 11 10 Y
10 10
2 11 1 T
2 11 2 T
2 11 3 H
2 11 4 A
2 11 5 D
2 11 6 G
2 11 7 T
2 11 8 A
2 11 9 T
2 11 10 Y
2 11 11 G
11 11
3 11 2 T
3 11 3 H
3 11 4 A
3 11 5 D
3 11 6 G
3 11 7 T
3 11 8 A
3 11 9 T
3 11 10 Y
3 11 11 G
3 11 12 P
4 11 3 H
4 11 4 A
4 11 5 D
4 11 6 G
4 11 7 T
4 11 8 A
4 11 9 T
4 11 10 Y
4 11 11 G
4 11 12 P
4 11 13 R
13 13
5 11 4 A
5 11 5 D
5 11 6 G
5 11 7 T
5 11 8 A
5 11 9 T
5 11 10 Y
5 11 11 G
5 11 12 P
5 11 13 R
5 11 14 V
14 14
6 11 5 D
6 11 6 G
6 11 7 T
6 11 8 A
6 11 9 T
6 11 10 Y
6 11 11 G
6 11 12 P
6 11 13 R
6 11 14 V
6 11 15 T
15 15
7 11 6 G
7 11 7 T
7 11 8 A
7 11 9 T
7 11 10 Y
7 11 11 G
7 11 12 P
7 11 13 R
7 11 14 V
7 11 15 T
7 11 16 K
16 16
1 12 0 V
1 12 1 T
1 12 2 T
1 12 3 H
1 12 4 A
1 12 5 D
1 12 6 G
1 12 7 T
1 12 8 A
1 12 9 T
1 12 10 Y
1 12 11 G
11 11
2 12 1 T
2 12 2 T
2 12 3 H
2 12 4 A
2 12 5 D
2 12 6 G
2 12 7 T
2 12 8 A
2 12 9 T
2 12 10 Y
2 12 11 G
2 12 12 P
3 12 2 T
3 12 3 H
3 12 4 A
3 12 5 D
3 12 6 G
3 12 7 T
3 12 8 A
3 12 9 T
3 12 10 Y
3 12 11 G
3 12 12 P
3 12 13 R
13 13
4 12 3 H
4 12 4 A
4 12 5 D
4 12 6 G
4 12 7 T
4 12 8 A
4 12 9 T
4 12 10 Y
4 12 11 G
4 12 12 P
4 12 13 R
4 12 14 V
14 14
5 12 4 A
5 12 5 D
5 12 6 G
5 12 7 T
5 12 8 A
5 12 9 T
5 12 10 Y
5 12 11 G
5 12 12 P
5 12 13 R
5 12 14 V
5 12 15 T
15 15
6 12 5 D
6 12 6 G
6 12 7 T
6 12 8 A
6 12 9 T
6 12 10 Y
6 12 11 G
6 12 12 P
6 12 13 R
6 12 14 V
6 12 15 T
6 12 16 K
16 16
1 13 0 V
1 13 1 T
1 13 2 T
1 13 3 H
1 13 4 A
1 13 5 D
1 13 6 G
1 13 7 T
1 13 8 A
1 13 9 T
1 13 10 Y
1 13 11 G
1 13 12 P
2 13 1 T
2 13 2 T
2 13 3 H
2 13 4 A
2 13 5 D
2 13 6 G
2 13 7 T
2 13 8 A
2 13 9 T
2 13 10 Y
2 13 11 G
2 13 12 P
2 13 13 R
13 13
3 13 2 T
3 13 3 H
3 13 4 A
3 13 5 D
3 13 6 G
3 13 7 T
3 13 8 A
3 13 9 T
3 13 10 Y
3 13 11 G
3 13 12 P
3 13 13 R
3 13 14 V
14 14
4 13 3 H
4 13 4 A
4 13 5 D
4 13 6 G
4 13 7 T
4 13 8 A
4 13 9 T
4 13 10 Y
4 13 11 G
4 13 12 P
4 13 13 R
4 13 14 V
4 13 15 T
15 15
5 13 4 A
5 13 5 D
5 13 6 G
5 13 7 T
5 13 8 A
5 13 9 T
5 13 10 Y
5 13 11 G
5 13 12 P
5 13 13 R
5 13 14 V
5 13 15 T
5 13 16 K
16 16
1 14 0 V
1 14 1 T
1 14 2 T
1 14 3 H
1 14 4 A
1 14 5 D
1 14 6 G
1 14 7 T
1 14 8 A
1 14 9 T
1 14 10 Y
1 14 11 G
1 14 12 P
1 14 13 R
13 13
2 14 1 T
2 14 2 T
2 14 3 H
2 14 4 A
2 14 5 D
2 14 6 G
2 14 7 T
2 14 8 A
2 14 9 T
2 14 10 Y
2 14 11 G
2 14 12 P
2 14 13 R
2 14 14 V
14 14
3 14 2 T
3 14 3 H
3 14 4 A
3 14 5 D
3 14 6 G
3 14 7 T
3 14 8 A
3 14 9 T
3 14 10 Y
3 14 11 G
3 14 12 P
3 14 13 R
3 14 14 V
3 14 15 T
15 15
4 14 3 H
4 14 4 A
4 14 5 D
4 14 6 G
4 14 7 T
4 14 8 A
4 14 9 T
4 14 10 Y
4 14 11 G
4 14 12 P
4 14 13 R
4 14 14 V
4 14 15 T
4 14 16 K
16 16
1 15 0 V
1 15 1 T
1 15 2 T
1 15 3 H
1 15 4 A
1 15 5 D
1 15 6 G
1 15 7 T
1 15 8 A
1 15 9 T
1 15 10 Y
1 15 11 G
1 15 12 P
1 15 13 R
1 15 14 V
14 14
2 15 1 T
2 15 2 T
2 15 3 H
2 15 4 A
2 15 5 D
2 15 6 G
2 15 7 T
2 15 8 A
2 15 9 T
2 15 10 Y
2 15 11 G
2 15 12 P
2 15 13 R
2 15 14 V
2 15 15 T
15 15
3 15 2 T
3 15 3 H
3 15 4 A
3 15 5 D
3 15 6 G
3 15 7 T
3 15 8 A
3 15 9 T
3 15 10 Y
3 15 11 G
3 15 12 P
3 15 13 R
3 15 14 V
3 15 15 T
3 15 16 K
16 16
1 16 0 V
1 16 1 T
1 16 2 T
1 16 3 H
1 16 4 A
1 16 5 D
1 16 6 G
1 16 7 T
1 16 8 A
1 16 9 T
1 16 10 Y
1 16 11 G
1 16 12 P
1 16 13 R
1 16 14 V
1 16 15 T
15 15
2 16 1 T
2 16 2 T
2 16 3 H
2 16 4 A
2 16 5 D
2 16 6 G
2 16 7 T
2 16 8 A
2 16 9 T
2 16 10 Y
2 16 11 G
2 16 12 P
2 16 13 R
2 16 14 V
2 16 15 T
2 16 16 K
16 16
1 17 0 V
1 17 1 T
1 17 2 T
1 17 3 H
1 17 4 A
1 17 5 D
1 17 6 G
1 17 7 T
1 17 8 A
1 17 9 T
1 17 10 Y
1 17 11 G
1 17 12 P
1 17 13 R
1 17 14 V
1 17 15 T
1 17 16 K
16 16
betaaggr
partition
AGG 0 AMYLO 348.867 TURN 13.4025 HELIX 1.96808 HELAGG 0 BETA33.0215
