Do you want a prediction per residue?. If yes type Y. Default, N
Type the name of the file with the peptide names, conditions and sequence in one letter code and press Enter
Ficher = A0A7Z1MZM0
Nterm = N
Cterm = N
pH = 7
temperatura = 298
ionic = 0.1
Stability = 0
Concentration = 1
aminoacido = LFGITACSSSIHFIN
1 peptides run, last one A0A7Z1MZM0 N N 7.00 298.00 0.10 LFGITACSSSIHFIN
1 6 0 L
1 6 1 F
1 6 2 G
1 6 3 I
1 6 4 T
1 6 5 A
2 6 1 F
2 6 2 G
2 6 3 I
2 6 4 T
2 6 5 A
2 6 6 C
6 6
3 6 2 G
3 6 3 I
3 6 4 T
3 6 5 A
3 6 6 C
3 6 7 S
7 7
4 6 3 I
4 6 4 T
4 6 5 A
4 6 6 C
4 6 7 S
4 6 8 S
8 8
5 6 4 T
5 6 5 A
5 6 6 C
5 6 7 S
5 6 8 S
5 6 9 S
6 6 5 A
6 6 6 C
6 6 7 S
6 6 8 S
6 6 9 S
6 6 10 I
10 10
7 6 6 C
7 6 7 S
7 6 8 S
7 6 9 S
7 6 10 I
7 6 11 H
11 11
8 6 7 S
8 6 8 S
8 6 9 S
8 6 10 I
8 6 11 H
8 6 12 F
12 12
9 6 8 S
9 6 9 S
9 6 10 I
9 6 11 H
9 6 12 F
9 6 13 I
13 13
10 6 9 S
10 6 10 I
10 6 11 H
10 6 12 F
10 6 13 I
10 6 14 N
14 14
1 7 0 L
1 7 1 F
1 7 2 G
1 7 3 I
1 7 4 T
1 7 5 A
1 7 6 C
6 6
2 7 1 F
2 7 2 G
2 7 3 I
2 7 4 T
2 7 5 A
2 7 6 C
2 7 7 S
7 7
3 7 2 G
3 7 3 I
3 7 4 T
3 7 5 A
3 7 6 C
3 7 7 S
3 7 8 S
8 8
4 7 3 I
4 7 4 T
4 7 5 A
4 7 6 C
4 7 7 S
4 7 8 S
4 7 9 S
5 7 4 T
5 7 5 A
5 7 6 C
5 7 7 S
5 7 8 S
5 7 9 S
5 7 10 I
10 10
6 7 5 A
6 7 6 C
6 7 7 S
6 7 8 S
6 7 9 S
6 7 10 I
6 7 11 H
11 11
7 7 6 C
7 7 7 S
7 7 8 S
7 7 9 S
7 7 10 I
7 7 11 H
7 7 12 F
12 12
8 7 7 S
8 7 8 S
8 7 9 S
8 7 10 I
8 7 11 H
8 7 12 F
8 7 13 I
13 13
9 7 8 S
9 7 9 S
9 7 10 I
9 7 11 H
9 7 12 F
9 7 13 I
9 7 14 N
14 14
1 8 0 L
1 8 1 F
1 8 2 G
1 8 3 I
1 8 4 T
1 8 5 A
1 8 6 C
1 8 7 S
7 7
2 8 1 F
2 8 2 G
2 8 3 I
2 8 4 T
2 8 5 A
2 8 6 C
2 8 7 S
2 8 8 S
8 8
3 8 2 G
3 8 3 I
3 8 4 T
3 8 5 A
3 8 6 C
3 8 7 S
3 8 8 S
3 8 9 S
4 8 3 I
4 8 4 T
4 8 5 A
4 8 6 C
4 8 7 S
4 8 8 S
4 8 9 S
4 8 10 I
10 10
5 8 4 T
5 8 5 A
5 8 6 C
5 8 7 S
5 8 8 S
5 8 9 S
5 8 10 I
5 8 11 H
11 11
6 8 5 A
6 8 6 C
6 8 7 S
6 8 8 S
6 8 9 S
6 8 10 I
6 8 11 H
6 8 12 F
12 12
7 8 6 C
7 8 7 S
7 8 8 S
7 8 9 S
7 8 10 I
7 8 11 H
7 8 12 F
7 8 13 I
13 13
8 8 7 S
8 8 8 S
8 8 9 S
8 8 10 I
8 8 11 H
8 8 12 F
8 8 13 I
8 8 14 N
14 14
1 9 0 L
1 9 1 F
1 9 2 G
1 9 3 I
1 9 4 T
1 9 5 A
1 9 6 C
1 9 7 S
1 9 8 S
8 8
2 9 1 F
2 9 2 G
2 9 3 I
2 9 4 T
2 9 5 A
2 9 6 C
2 9 7 S
2 9 8 S
2 9 9 S
3 9 2 G
3 9 3 I
3 9 4 T
3 9 5 A
3 9 6 C
3 9 7 S
3 9 8 S
3 9 9 S
3 9 10 I
10 10
4 9 3 I
4 9 4 T
4 9 5 A
4 9 6 C
4 9 7 S
4 9 8 S
4 9 9 S
4 9 10 I
4 9 11 H
11 11
5 9 4 T
5 9 5 A
5 9 6 C
5 9 7 S
5 9 8 S
5 9 9 S
5 9 10 I
5 9 11 H
5 9 12 F
12 12
6 9 5 A
6 9 6 C
6 9 7 S
6 9 8 S
6 9 9 S
6 9 10 I
6 9 11 H
6 9 12 F
6 9 13 I
13 13
7 9 6 C
7 9 7 S
7 9 8 S
7 9 9 S
7 9 10 I
7 9 11 H
7 9 12 F
7 9 13 I
7 9 14 N
14 14
1 10 0 L
1 10 1 F
1 10 2 G
1 10 3 I
1 10 4 T
1 10 5 A
1 10 6 C
1 10 7 S
1 10 8 S
1 10 9 S
2 10 1 F
2 10 2 G
2 10 3 I
2 10 4 T
2 10 5 A
2 10 6 C
2 10 7 S
2 10 8 S
2 10 9 S
2 10 10 I
10 10
3 10 2 G
3 10 3 I
3 10 4 T
3 10 5 A
3 10 6 C
3 10 7 S
3 10 8 S
3 10 9 S
3 10 10 I
3 10 11 H
11 11
4 10 3 I
4 10 4 T
4 10 5 A
4 10 6 C
4 10 7 S
4 10 8 S
4 10 9 S
4 10 10 I
4 10 11 H
4 10 12 F
12 12
5 10 4 T
5 10 5 A
5 10 6 C
5 10 7 S
5 10 8 S
5 10 9 S
5 10 10 I
5 10 11 H
5 10 12 F
5 10 13 I
13 13
6 10 5 A
6 10 6 C
6 10 7 S
6 10 8 S
6 10 9 S
6 10 10 I
6 10 11 H
6 10 12 F
6 10 13 I
6 10 14 N
14 14
1 11 0 L
1 11 1 F
1 11 2 G
1 11 3 I
1 11 4 T
1 11 5 A
1 11 6 C
1 11 7 S
1 11 8 S
1 11 9 S
1 11 10 I
10 10
2 11 1 F
2 11 2 G
2 11 3 I
2 11 4 T
2 11 5 A
2 11 6 C
2 11 7 S
2 11 8 S
2 11 9 S
2 11 10 I
2 11 11 H
11 11
3 11 2 G
3 11 3 I
3 11 4 T
3 11 5 A
3 11 6 C
3 11 7 S
3 11 8 S
3 11 9 S
3 11 10 I
3 11 11 H
3 11 12 F
12 12
4 11 3 I
4 11 4 T
4 11 5 A
4 11 6 C
4 11 7 S
4 11 8 S
4 11 9 S
4 11 10 I
4 11 11 H
4 11 12 F
4 11 13 I
13 13
5 11 4 T
5 11 5 A
5 11 6 C
5 11 7 S
5 11 8 S
5 11 9 S
5 11 10 I
5 11 11 H
5 11 12 F
5 11 13 I
5 11 14 N
14 14
1 12 0 L
1 12 1 F
1 12 2 G
1 12 3 I
1 12 4 T
1 12 5 A
1 12 6 C
1 12 7 S
1 12 8 S
1 12 9 S
1 12 10 I
1 12 11 H
11 11
2 12 1 F
2 12 2 G
2 12 3 I
2 12 4 T
2 12 5 A
2 12 6 C
2 12 7 S
2 12 8 S
2 12 9 S
2 12 10 I
2 12 11 H
2 12 12 F
12 12
3 12 2 G
3 12 3 I
3 12 4 T
3 12 5 A
3 12 6 C
3 12 7 S
3 12 8 S
3 12 9 S
3 12 10 I
3 12 11 H
3 12 12 F
3 12 13 I
13 13
4 12 3 I
4 12 4 T
4 12 5 A
4 12 6 C
4 12 7 S
4 12 8 S
4 12 9 S
4 12 10 I
4 12 11 H
4 12 12 F
4 12 13 I
4 12 14 N
14 14
1 13 0 L
1 13 1 F
1 13 2 G
1 13 3 I
1 13 4 T
1 13 5 A
1 13 6 C
1 13 7 S
1 13 8 S
1 13 9 S
1 13 10 I
1 13 11 H
1 13 12 F
12 12
2 13 1 F
2 13 2 G
2 13 3 I
2 13 4 T
2 13 5 A
2 13 6 C
2 13 7 S
2 13 8 S
2 13 9 S
2 13 10 I
2 13 11 H
2 13 12 F
2 13 13 I
13 13
3 13 2 G
3 13 3 I
3 13 4 T
3 13 5 A
3 13 6 C
3 13 7 S
3 13 8 S
3 13 9 S
3 13 10 I
3 13 11 H
3 13 12 F
3 13 13 I
3 13 14 N
14 14
1 14 0 L
1 14 1 F
1 14 2 G
1 14 3 I
1 14 4 T
1 14 5 A
1 14 6 C
1 14 7 S
1 14 8 S
1 14 9 S
1 14 10 I
1 14 11 H
1 14 12 F
1 14 13 I
13 13
2 14 1 F
2 14 2 G
2 14 3 I
2 14 4 T
2 14 5 A
2 14 6 C
2 14 7 S
2 14 8 S
2 14 9 S
2 14 10 I
2 14 11 H
2 14 12 F
2 14 13 I
2 14 14 N
14 14
1 15 0 L
1 15 1 F
1 15 2 G
1 15 3 I
1 15 4 T
1 15 5 A
1 15 6 C
1 15 7 S
1 15 8 S
1 15 9 S
1 15 10 I
1 15 11 H
1 15 12 F
1 15 13 I
1 15 14 N
14 14
betaaggr
partition
AGG 5.96824 AMYLO 22.6592 TURN 4.9556 HELIX 0 HELAGG 0 BETA42.8434
