Do you want a prediction per residue?. If yes type Y. Default, N
Type the name of the file with the peptide names, conditions and sequence in one letter code and press Enter
Ficher = A0A8I1BFC5
Nterm = N
Cterm = N
pH = 7
temperatura = 298
ionic = 0.1
Stability = 0
Concentration = 1
aminoacido = RDVTPVPHNGCRPPKRRRV
1 peptides run, last one A0A8I1BFC5 N N 7.00 298.00 0.10 RDVTPVPHNGCRPPKRRRV
1 6 0 R
1 6 1 D
1 6 2 V
1 6 3 T
1 6 4 P
1 6 5 V
5 5
2 6 1 D
2 6 2 V
2 6 3 T
2 6 4 P
2 6 5 V
2 6 6 P
6 6
3 6 2 V
3 6 3 T
3 6 4 P
3 6 5 V
3 6 6 P
3 6 7 H
7 7
4 6 3 T
4 6 4 P
4 6 5 V
4 6 6 P
4 6 7 H
4 6 8 N
8 8
5 6 4 P
5 6 5 V
5 6 6 P
5 6 7 H
5 6 8 N
5 6 9 G
9 9
6 6 5 V
6 6 6 P
6 6 7 H
6 6 8 N
6 6 9 G
6 6 10 C
10 10
7 6 6 P
7 6 7 H
7 6 8 N
7 6 9 G
7 6 10 C
7 6 11 R
11 11
8 6 7 H
8 6 8 N
8 6 9 G
8 6 10 C
8 6 11 R
8 6 12 P
12 12
9 6 8 N
9 6 9 G
9 6 10 C
9 6 11 R
9 6 12 P
9 6 13 P
13 13
10 6 9 G
10 6 10 C
10 6 11 R
10 6 12 P
10 6 13 P
10 6 14 K
14 14
11 6 10 C
11 6 11 R
11 6 12 P
11 6 13 P
11 6 14 K
11 6 15 R
15 15
12 6 11 R
12 6 12 P
12 6 13 P
12 6 14 K
12 6 15 R
12 6 16 R
16 16
13 6 12 P
13 6 13 P
13 6 14 K
13 6 15 R
13 6 16 R
13 6 17 R
17 17
14 6 13 P
14 6 14 K
14 6 15 R
14 6 16 R
14 6 17 R
14 6 18 V
18 18
1 7 0 R
1 7 1 D
1 7 2 V
1 7 3 T
1 7 4 P
1 7 5 V
1 7 6 P
6 6
2 7 1 D
2 7 2 V
2 7 3 T
2 7 4 P
2 7 5 V
2 7 6 P
2 7 7 H
7 7
3 7 2 V
3 7 3 T
3 7 4 P
3 7 5 V
3 7 6 P
3 7 7 H
3 7 8 N
8 8
4 7 3 T
4 7 4 P
4 7 5 V
4 7 6 P
4 7 7 H
4 7 8 N
4 7 9 G
9 9
5 7 4 P
5 7 5 V
5 7 6 P
5 7 7 H
5 7 8 N
5 7 9 G
5 7 10 C
10 10
6 7 5 V
6 7 6 P
6 7 7 H
6 7 8 N
6 7 9 G
6 7 10 C
6 7 11 R
11 11
7 7 6 P
7 7 7 H
7 7 8 N
7 7 9 G
7 7 10 C
7 7 11 R
7 7 12 P
12 12
8 7 7 H
8 7 8 N
8 7 9 G
8 7 10 C
8 7 11 R
8 7 12 P
8 7 13 P
13 13
9 7 8 N
9 7 9 G
9 7 10 C
9 7 11 R
9 7 12 P
9 7 13 P
9 7 14 K
14 14
10 7 9 G
10 7 10 C
10 7 11 R
10 7 12 P
10 7 13 P
10 7 14 K
10 7 15 R
15 15
11 7 10 C
11 7 11 R
11 7 12 P
11 7 13 P
11 7 14 K
11 7 15 R
11 7 16 R
16 16
12 7 11 R
12 7 12 P
12 7 13 P
12 7 14 K
12 7 15 R
12 7 16 R
12 7 17 R
17 17
13 7 12 P
13 7 13 P
13 7 14 K
13 7 15 R
13 7 16 R
13 7 17 R
13 7 18 V
18 18
1 8 0 R
1 8 1 D
1 8 2 V
1 8 3 T
1 8 4 P
1 8 5 V
1 8 6 P
1 8 7 H
7 7
2 8 1 D
2 8 2 V
2 8 3 T
2 8 4 P
2 8 5 V
2 8 6 P
2 8 7 H
2 8 8 N
8 8
3 8 2 V
3 8 3 T
3 8 4 P
3 8 5 V
3 8 6 P
3 8 7 H
3 8 8 N
3 8 9 G
9 9
4 8 3 T
4 8 4 P
4 8 5 V
4 8 6 P
4 8 7 H
4 8 8 N
4 8 9 G
4 8 10 C
10 10
5 8 4 P
5 8 5 V
5 8 6 P
5 8 7 H
5 8 8 N
5 8 9 G
5 8 10 C
5 8 11 R
11 11
6 8 5 V
6 8 6 P
6 8 7 H
6 8 8 N
6 8 9 G
6 8 10 C
6 8 11 R
6 8 12 P
12 12
7 8 6 P
7 8 7 H
7 8 8 N
7 8 9 G
7 8 10 C
7 8 11 R
7 8 12 P
7 8 13 P
13 13
8 8 7 H
8 8 8 N
8 8 9 G
8 8 10 C
8 8 11 R
8 8 12 P
8 8 13 P
8 8 14 K
14 14
9 8 8 N
9 8 9 G
9 8 10 C
9 8 11 R
9 8 12 P
9 8 13 P
9 8 14 K
9 8 15 R
15 15
10 8 9 G
10 8 10 C
10 8 11 R
10 8 12 P
10 8 13 P
10 8 14 K
10 8 15 R
10 8 16 R
16 16
11 8 10 C
11 8 11 R
11 8 12 P
11 8 13 P
11 8 14 K
11 8 15 R
11 8 16 R
11 8 17 R
17 17
12 8 11 R
12 8 12 P
12 8 13 P
12 8 14 K
12 8 15 R
12 8 16 R
12 8 17 R
12 8 18 V
18 18
1 9 0 R
1 9 1 D
1 9 2 V
1 9 3 T
1 9 4 P
1 9 5 V
1 9 6 P
1 9 7 H
1 9 8 N
8 8
2 9 1 D
2 9 2 V
2 9 3 T
2 9 4 P
2 9 5 V
2 9 6 P
2 9 7 H
2 9 8 N
2 9 9 G
9 9
3 9 2 V
3 9 3 T
3 9 4 P
3 9 5 V
3 9 6 P
3 9 7 H
3 9 8 N
3 9 9 G
3 9 10 C
10 10
4 9 3 T
4 9 4 P
4 9 5 V
4 9 6 P
4 9 7 H
4 9 8 N
4 9 9 G
4 9 10 C
4 9 11 R
11 11
5 9 4 P
5 9 5 V
5 9 6 P
5 9 7 H
5 9 8 N
5 9 9 G
5 9 10 C
5 9 11 R
5 9 12 P
12 12
6 9 5 V
6 9 6 P
6 9 7 H
6 9 8 N
6 9 9 G
6 9 10 C
6 9 11 R
6 9 12 P
6 9 13 P
13 13
7 9 6 P
7 9 7 H
7 9 8 N
7 9 9 G
7 9 10 C
7 9 11 R
7 9 12 P
7 9 13 P
7 9 14 K
14 14
8 9 7 H
8 9 8 N
8 9 9 G
8 9 10 C
8 9 11 R
8 9 12 P
8 9 13 P
8 9 14 K
8 9 15 R
15 15
9 9 8 N
9 9 9 G
9 9 10 C
9 9 11 R
9 9 12 P
9 9 13 P
9 9 14 K
9 9 15 R
9 9 16 R
16 16
10 9 9 G
10 9 10 C
10 9 11 R
10 9 12 P
10 9 13 P
10 9 14 K
10 9 15 R
10 9 16 R
10 9 17 R
17 17
11 9 10 C
11 9 11 R
11 9 12 P
11 9 13 P
11 9 14 K
11 9 15 R
11 9 16 R
11 9 17 R
11 9 18 V
18 18
1 10 0 R
1 10 1 D
1 10 2 V
1 10 3 T
1 10 4 P
1 10 5 V
1 10 6 P
1 10 7 H
1 10 8 N
1 10 9 G
9 9
2 10 1 D
2 10 2 V
2 10 3 T
2 10 4 P
2 10 5 V
2 10 6 P
2 10 7 H
2 10 8 N
2 10 9 G
2 10 10 C
10 10
3 10 2 V
3 10 3 T
3 10 4 P
3 10 5 V
3 10 6 P
3 10 7 H
3 10 8 N
3 10 9 G
3 10 10 C
3 10 11 R
11 11
4 10 3 T
4 10 4 P
4 10 5 V
4 10 6 P
4 10 7 H
4 10 8 N
4 10 9 G
4 10 10 C
4 10 11 R
4 10 12 P
12 12
5 10 4 P
5 10 5 V
5 10 6 P
5 10 7 H
5 10 8 N
5 10 9 G
5 10 10 C
5 10 11 R
5 10 12 P
5 10 13 P
13 13
6 10 5 V
6 10 6 P
6 10 7 H
6 10 8 N
6 10 9 G
6 10 10 C
6 10 11 R
6 10 12 P
6 10 13 P
6 10 14 K
14 14
7 10 6 P
7 10 7 H
7 10 8 N
7 10 9 G
7 10 10 C
7 10 11 R
7 10 12 P
7 10 13 P
7 10 14 K
7 10 15 R
15 15
8 10 7 H
8 10 8 N
8 10 9 G
8 10 10 C
8 10 11 R
8 10 12 P
8 10 13 P
8 10 14 K
8 10 15 R
8 10 16 R
16 16
9 10 8 N
9 10 9 G
9 10 10 C
9 10 11 R
9 10 12 P
9 10 13 P
9 10 14 K
9 10 15 R
9 10 16 R
9 10 17 R
17 17
10 10 9 G
10 10 10 C
10 10 11 R
10 10 12 P
10 10 13 P
10 10 14 K
10 10 15 R
10 10 16 R
10 10 17 R
10 10 18 V
18 18
1 11 0 R
1 11 1 D
1 11 2 V
1 11 3 T
1 11 4 P
1 11 5 V
1 11 6 P
1 11 7 H
1 11 8 N
1 11 9 G
1 11 10 C
10 10
2 11 1 D
2 11 2 V
2 11 3 T
2 11 4 P
2 11 5 V
2 11 6 P
2 11 7 H
2 11 8 N
2 11 9 G
2 11 10 C
2 11 11 R
11 11
3 11 2 V
3 11 3 T
3 11 4 P
3 11 5 V
3 11 6 P
3 11 7 H
3 11 8 N
3 11 9 G
3 11 10 C
3 11 11 R
3 11 12 P
12 12
4 11 3 T
4 11 4 P
4 11 5 V
4 11 6 P
4 11 7 H
4 11 8 N
4 11 9 G
4 11 10 C
4 11 11 R
4 11 12 P
4 11 13 P
13 13
5 11 4 P
5 11 5 V
5 11 6 P
5 11 7 H
5 11 8 N
5 11 9 G
5 11 10 C
5 11 11 R
5 11 12 P
5 11 13 P
5 11 14 K
14 14
6 11 5 V
6 11 6 P
6 11 7 H
6 11 8 N
6 11 9 G
6 11 10 C
6 11 11 R
6 11 12 P
6 11 13 P
6 11 14 K
6 11 15 R
15 15
7 11 6 P
7 11 7 H
7 11 8 N
7 11 9 G
7 11 10 C
7 11 11 R
7 11 12 P
7 11 13 P
7 11 14 K
7 11 15 R
7 11 16 R
16 16
8 11 7 H
8 11 8 N
8 11 9 G
8 11 10 C
8 11 11 R
8 11 12 P
8 11 13 P
8 11 14 K
8 11 15 R
8 11 16 R
8 11 17 R
17 17
9 11 8 N
9 11 9 G
9 11 10 C
9 11 11 R
9 11 12 P
9 11 13 P
9 11 14 K
9 11 15 R
9 11 16 R
9 11 17 R
9 11 18 V
18 18
1 12 0 R
1 12 1 D
1 12 2 V
1 12 3 T
1 12 4 P
1 12 5 V
1 12 6 P
1 12 7 H
1 12 8 N
1 12 9 G
1 12 10 C
1 12 11 R
11 11
2 12 1 D
2 12 2 V
2 12 3 T
2 12 4 P
2 12 5 V
2 12 6 P
2 12 7 H
2 12 8 N
2 12 9 G
2 12 10 C
2 12 11 R
2 12 12 P
12 12
3 12 2 V
3 12 3 T
3 12 4 P
3 12 5 V
3 12 6 P
3 12 7 H
3 12 8 N
3 12 9 G
3 12 10 C
3 12 11 R
3 12 12 P
3 12 13 P
13 13
4 12 3 T
4 12 4 P
4 12 5 V
4 12 6 P
4 12 7 H
4 12 8 N
4 12 9 G
4 12 10 C
4 12 11 R
4 12 12 P
4 12 13 P
4 12 14 K
14 14
5 12 4 P
5 12 5 V
5 12 6 P
5 12 7 H
5 12 8 N
5 12 9 G
5 12 10 C
5 12 11 R
5 12 12 P
5 12 13 P
5 12 14 K
5 12 15 R
15 15
6 12 5 V
6 12 6 P
6 12 7 H
6 12 8 N
6 12 9 G
6 12 10 C
6 12 11 R
6 12 12 P
6 12 13 P
6 12 14 K
6 12 15 R
6 12 16 R
16 16
7 12 6 P
7 12 7 H
7 12 8 N
7 12 9 G
7 12 10 C
7 12 11 R
7 12 12 P
7 12 13 P
7 12 14 K
7 12 15 R
7 12 16 R
7 12 17 R
17 17
8 12 7 H
8 12 8 N
8 12 9 G
8 12 10 C
8 12 11 R
8 12 12 P
8 12 13 P
8 12 14 K
8 12 15 R
8 12 16 R
8 12 17 R
8 12 18 V
18 18
1 13 0 R
1 13 1 D
1 13 2 V
1 13 3 T
1 13 4 P
1 13 5 V
1 13 6 P
1 13 7 H
1 13 8 N
1 13 9 G
1 13 10 C
1 13 11 R
1 13 12 P
12 12
2 13 1 D
2 13 2 V
2 13 3 T
2 13 4 P
2 13 5 V
2 13 6 P
2 13 7 H
2 13 8 N
2 13 9 G
2 13 10 C
2 13 11 R
2 13 12 P
2 13 13 P
13 13
3 13 2 V
3 13 3 T
3 13 4 P
3 13 5 V
3 13 6 P
3 13 7 H
3 13 8 N
3 13 9 G
3 13 10 C
3 13 11 R
3 13 12 P
3 13 13 P
3 13 14 K
14 14
4 13 3 T
4 13 4 P
4 13 5 V
4 13 6 P
4 13 7 H
4 13 8 N
4 13 9 G
4 13 10 C
4 13 11 R
4 13 12 P
4 13 13 P
4 13 14 K
4 13 15 R
15 15
5 13 4 P
5 13 5 V
5 13 6 P
5 13 7 H
5 13 8 N
5 13 9 G
5 13 10 C
5 13 11 R
5 13 12 P
5 13 13 P
5 13 14 K
5 13 15 R
5 13 16 R
16 16
6 13 5 V
6 13 6 P
6 13 7 H
6 13 8 N
6 13 9 G
6 13 10 C
6 13 11 R
6 13 12 P
6 13 13 P
6 13 14 K
6 13 15 R
6 13 16 R
6 13 17 R
17 17
7 13 6 P
7 13 7 H
7 13 8 N
7 13 9 G
7 13 10 C
7 13 11 R
7 13 12 P
7 13 13 P
7 13 14 K
7 13 15 R
7 13 16 R
7 13 17 R
7 13 18 V
18 18
1 14 0 R
1 14 1 D
1 14 2 V
1 14 3 T
1 14 4 P
1 14 5 V
1 14 6 P
1 14 7 H
1 14 8 N
1 14 9 G
1 14 10 C
1 14 11 R
1 14 12 P
1 14 13 P
13 13
2 14 1 D
2 14 2 V
2 14 3 T
2 14 4 P
2 14 5 V
2 14 6 P
2 14 7 H
2 14 8 N
2 14 9 G
2 14 10 C
2 14 11 R
2 14 12 P
2 14 13 P
2 14 14 K
14 14
3 14 2 V
3 14 3 T
3 14 4 P
3 14 5 V
3 14 6 P
3 14 7 H
3 14 8 N
3 14 9 G
3 14 10 C
3 14 11 R
3 14 12 P
3 14 13 P
3 14 14 K
3 14 15 R
15 15
4 14 3 T
4 14 4 P
4 14 5 V
4 14 6 P
4 14 7 H
4 14 8 N
4 14 9 G
4 14 10 C
4 14 11 R
4 14 12 P
4 14 13 P
4 14 14 K
4 14 15 R
4 14 16 R
16 16
5 14 4 P
5 14 5 V
5 14 6 P
5 14 7 H
5 14 8 N
5 14 9 G
5 14 10 C
5 14 11 R
5 14 12 P
5 14 13 P
5 14 14 K
5 14 15 R
5 14 16 R
5 14 17 R
17 17
6 14 5 V
6 14 6 P
6 14 7 H
6 14 8 N
6 14 9 G
6 14 10 C
6 14 11 R
6 14 12 P
6 14 13 P
6 14 14 K
6 14 15 R
6 14 16 R
6 14 17 R
6 14 18 V
18 18
1 15 0 R
1 15 1 D
1 15 2 V
1 15 3 T
1 15 4 P
1 15 5 V
1 15 6 P
1 15 7 H
1 15 8 N
1 15 9 G
1 15 10 C
1 15 11 R
1 15 12 P
1 15 13 P
1 15 14 K
14 14
2 15 1 D
2 15 2 V
2 15 3 T
2 15 4 P
2 15 5 V
2 15 6 P
2 15 7 H
2 15 8 N
2 15 9 G
2 15 10 C
2 15 11 R
2 15 12 P
2 15 13 P
2 15 14 K
2 15 15 R
15 15
3 15 2 V
3 15 3 T
3 15 4 P
3 15 5 V
3 15 6 P
3 15 7 H
3 15 8 N
3 15 9 G
3 15 10 C
3 15 11 R
3 15 12 P
3 15 13 P
3 15 14 K
3 15 15 R
3 15 16 R
16 16
4 15 3 T
4 15 4 P
4 15 5 V
4 15 6 P
4 15 7 H
4 15 8 N
4 15 9 G
4 15 10 C
4 15 11 R
4 15 12 P
4 15 13 P
4 15 14 K
4 15 15 R
4 15 16 R
4 15 17 R
17 17
5 15 4 P
5 15 5 V
5 15 6 P
5 15 7 H
5 15 8 N
5 15 9 G
5 15 10 C
5 15 11 R
5 15 12 P
5 15 13 P
5 15 14 K
5 15 15 R
5 15 16 R
5 15 17 R
5 15 18 V
18 18
1 16 0 R
1 16 1 D
1 16 2 V
1 16 3 T
1 16 4 P
1 16 5 V
1 16 6 P
1 16 7 H
1 16 8 N
1 16 9 G
1 16 10 C
1 16 11 R
1 16 12 P
1 16 13 P
1 16 14 K
1 16 15 R
15 15
2 16 1 D
2 16 2 V
2 16 3 T
2 16 4 P
2 16 5 V
2 16 6 P
2 16 7 H
2 16 8 N
2 16 9 G
2 16 10 C
2 16 11 R
2 16 12 P
2 16 13 P
2 16 14 K
2 16 15 R
2 16 16 R
16 16
3 16 2 V
3 16 3 T
3 16 4 P
3 16 5 V
3 16 6 P
3 16 7 H
3 16 8 N
3 16 9 G
3 16 10 C
3 16 11 R
3 16 12 P
3 16 13 P
3 16 14 K
3 16 15 R
3 16 16 R
3 16 17 R
17 17
4 16 3 T
4 16 4 P
4 16 5 V
4 16 6 P
4 16 7 H
4 16 8 N
4 16 9 G
4 16 10 C
4 16 11 R
4 16 12 P
4 16 13 P
4 16 14 K
4 16 15 R
4 16 16 R
4 16 17 R
4 16 18 V
18 18
1 17 0 R
1 17 1 D
1 17 2 V
1 17 3 T
1 17 4 P
1 17 5 V
1 17 6 P
1 17 7 H
1 17 8 N
1 17 9 G
1 17 10 C
1 17 11 R
1 17 12 P
1 17 13 P
1 17 14 K
1 17 15 R
1 17 16 R
16 16
2 17 1 D
2 17 2 V
2 17 3 T
2 17 4 P
2 17 5 V
2 17 6 P
2 17 7 H
2 17 8 N
2 17 9 G
2 17 10 C
2 17 11 R
2 17 12 P
2 17 13 P
2 17 14 K
2 17 15 R
2 17 16 R
2 17 17 R
17 17
3 17 2 V
3 17 3 T
3 17 4 P
3 17 5 V
3 17 6 P
3 17 7 H
3 17 8 N
3 17 9 G
3 17 10 C
3 17 11 R
3 17 12 P
3 17 13 P
3 17 14 K
3 17 15 R
3 17 16 R
3 17 17 R
3 17 18 V
18 18
1 18 0 R
1 18 1 D
1 18 2 V
1 18 3 T
1 18 4 P
1 18 5 V
1 18 6 P
1 18 7 H
1 18 8 N
1 18 9 G
1 18 10 C
1 18 11 R
1 18 12 P
1 18 13 P
1 18 14 K
1 18 15 R
1 18 16 R
1 18 17 R
17 17
2 18 1 D
2 18 2 V
2 18 3 T
2 18 4 P
2 18 5 V
2 18 6 P
2 18 7 H
2 18 8 N
2 18 9 G
2 18 10 C
2 18 11 R
2 18 12 P
2 18 13 P
2 18 14 K
2 18 15 R
2 18 16 R
2 18 17 R
2 18 18 V
18 18
1 19 0 R
1 19 1 D
1 19 2 V
1 19 3 T
1 19 4 P
1 19 5 V
1 19 6 P
1 19 7 H
1 19 8 N
1 19 9 G
1 19 10 C
1 19 11 R
1 19 12 P
1 19 13 P
1 19 14 K
1 19 15 R
1 19 16 R
1 19 17 R
1 19 18 V
18 18
betaaggr
partition
AGG 0 AMYLO 1.76544e-06 TURN 6.91633 HELIX 0 HELAGG 0 BETA12.6698
