Do you want a prediction per residue?. If yes type Y. Default, N
Type the name of the file with the peptide names, conditions and sequence in one letter code and press Enter
Ficher = A0AAW7AFM3
Nterm = N
Cterm = N
pH = 7
temperatura = 298
ionic = 0.1
Stability = 0
Concentration = 1
aminoacido = MDPYMRGRMNDTKSNIQPF
1 peptides run, last one A0AAW7AFM3 N N 7.00 298.00 0.10 MDPYMRGRMNDTKSNIQPF
1 6 0 M
1 6 1 D
1 6 2 P
1 6 3 Y
1 6 4 M
1 6 5 R
5 5
2 6 1 D
2 6 2 P
2 6 3 Y
2 6 4 M
2 6 5 R
2 6 6 G
6 6
3 6 2 P
3 6 3 Y
3 6 4 M
3 6 5 R
3 6 6 G
3 6 7 R
7 7
4 6 3 Y
4 6 4 M
4 6 5 R
4 6 6 G
4 6 7 R
4 6 8 M
8 8
5 6 4 M
5 6 5 R
5 6 6 G
5 6 7 R
5 6 8 M
5 6 9 N
9 9
6 6 5 R
6 6 6 G
6 6 7 R
6 6 8 M
6 6 9 N
6 6 10 D
10 10
7 6 6 G
7 6 7 R
7 6 8 M
7 6 9 N
7 6 10 D
7 6 11 T
11 11
8 6 7 R
8 6 8 M
8 6 9 N
8 6 10 D
8 6 11 T
8 6 12 K
12 12
9 6 8 M
9 6 9 N
9 6 10 D
9 6 11 T
9 6 12 K
9 6 13 S
13 13
10 6 9 N
10 6 10 D
10 6 11 T
10 6 12 K
10 6 13 S
10 6 14 N
14 14
11 6 10 D
11 6 11 T
11 6 12 K
11 6 13 S
11 6 14 N
11 6 15 I
15 15
12 6 11 T
12 6 12 K
12 6 13 S
12 6 14 N
12 6 15 I
12 6 16 Q
16 16
13 6 12 K
13 6 13 S
13 6 14 N
13 6 15 I
13 6 16 Q
13 6 17 P
17 17
14 6 13 S
14 6 14 N
14 6 15 I
14 6 16 Q
14 6 17 P
14 6 18 F
18 18
1 7 0 M
1 7 1 D
1 7 2 P
1 7 3 Y
1 7 4 M
1 7 5 R
1 7 6 G
6 6
2 7 1 D
2 7 2 P
2 7 3 Y
2 7 4 M
2 7 5 R
2 7 6 G
2 7 7 R
7 7
3 7 2 P
3 7 3 Y
3 7 4 M
3 7 5 R
3 7 6 G
3 7 7 R
3 7 8 M
8 8
4 7 3 Y
4 7 4 M
4 7 5 R
4 7 6 G
4 7 7 R
4 7 8 M
4 7 9 N
9 9
5 7 4 M
5 7 5 R
5 7 6 G
5 7 7 R
5 7 8 M
5 7 9 N
5 7 10 D
10 10
6 7 5 R
6 7 6 G
6 7 7 R
6 7 8 M
6 7 9 N
6 7 10 D
6 7 11 T
11 11
7 7 6 G
7 7 7 R
7 7 8 M
7 7 9 N
7 7 10 D
7 7 11 T
7 7 12 K
12 12
8 7 7 R
8 7 8 M
8 7 9 N
8 7 10 D
8 7 11 T
8 7 12 K
8 7 13 S
13 13
9 7 8 M
9 7 9 N
9 7 10 D
9 7 11 T
9 7 12 K
9 7 13 S
9 7 14 N
14 14
10 7 9 N
10 7 10 D
10 7 11 T
10 7 12 K
10 7 13 S
10 7 14 N
10 7 15 I
15 15
11 7 10 D
11 7 11 T
11 7 12 K
11 7 13 S
11 7 14 N
11 7 15 I
11 7 16 Q
16 16
12 7 11 T
12 7 12 K
12 7 13 S
12 7 14 N
12 7 15 I
12 7 16 Q
12 7 17 P
17 17
13 7 12 K
13 7 13 S
13 7 14 N
13 7 15 I
13 7 16 Q
13 7 17 P
13 7 18 F
18 18
1 8 0 M
1 8 1 D
1 8 2 P
1 8 3 Y
1 8 4 M
1 8 5 R
1 8 6 G
1 8 7 R
7 7
2 8 1 D
2 8 2 P
2 8 3 Y
2 8 4 M
2 8 5 R
2 8 6 G
2 8 7 R
2 8 8 M
8 8
3 8 2 P
3 8 3 Y
3 8 4 M
3 8 5 R
3 8 6 G
3 8 7 R
3 8 8 M
3 8 9 N
9 9
4 8 3 Y
4 8 4 M
4 8 5 R
4 8 6 G
4 8 7 R
4 8 8 M
4 8 9 N
4 8 10 D
10 10
5 8 4 M
5 8 5 R
5 8 6 G
5 8 7 R
5 8 8 M
5 8 9 N
5 8 10 D
5 8 11 T
11 11
6 8 5 R
6 8 6 G
6 8 7 R
6 8 8 M
6 8 9 N
6 8 10 D
6 8 11 T
6 8 12 K
12 12
7 8 6 G
7 8 7 R
7 8 8 M
7 8 9 N
7 8 10 D
7 8 11 T
7 8 12 K
7 8 13 S
13 13
8 8 7 R
8 8 8 M
8 8 9 N
8 8 10 D
8 8 11 T
8 8 12 K
8 8 13 S
8 8 14 N
14 14
9 8 8 M
9 8 9 N
9 8 10 D
9 8 11 T
9 8 12 K
9 8 13 S
9 8 14 N
9 8 15 I
15 15
10 8 9 N
10 8 10 D
10 8 11 T
10 8 12 K
10 8 13 S
10 8 14 N
10 8 15 I
10 8 16 Q
16 16
11 8 10 D
11 8 11 T
11 8 12 K
11 8 13 S
11 8 14 N
11 8 15 I
11 8 16 Q
11 8 17 P
17 17
12 8 11 T
12 8 12 K
12 8 13 S
12 8 14 N
12 8 15 I
12 8 16 Q
12 8 17 P
12 8 18 F
18 18
1 9 0 M
1 9 1 D
1 9 2 P
1 9 3 Y
1 9 4 M
1 9 5 R
1 9 6 G
1 9 7 R
1 9 8 M
8 8
2 9 1 D
2 9 2 P
2 9 3 Y
2 9 4 M
2 9 5 R
2 9 6 G
2 9 7 R
2 9 8 M
2 9 9 N
9 9
3 9 2 P
3 9 3 Y
3 9 4 M
3 9 5 R
3 9 6 G
3 9 7 R
3 9 8 M
3 9 9 N
3 9 10 D
10 10
4 9 3 Y
4 9 4 M
4 9 5 R
4 9 6 G
4 9 7 R
4 9 8 M
4 9 9 N
4 9 10 D
4 9 11 T
11 11
5 9 4 M
5 9 5 R
5 9 6 G
5 9 7 R
5 9 8 M
5 9 9 N
5 9 10 D
5 9 11 T
5 9 12 K
12 12
6 9 5 R
6 9 6 G
6 9 7 R
6 9 8 M
6 9 9 N
6 9 10 D
6 9 11 T
6 9 12 K
6 9 13 S
13 13
7 9 6 G
7 9 7 R
7 9 8 M
7 9 9 N
7 9 10 D
7 9 11 T
7 9 12 K
7 9 13 S
7 9 14 N
14 14
8 9 7 R
8 9 8 M
8 9 9 N
8 9 10 D
8 9 11 T
8 9 12 K
8 9 13 S
8 9 14 N
8 9 15 I
15 15
9 9 8 M
9 9 9 N
9 9 10 D
9 9 11 T
9 9 12 K
9 9 13 S
9 9 14 N
9 9 15 I
9 9 16 Q
16 16
10 9 9 N
10 9 10 D
10 9 11 T
10 9 12 K
10 9 13 S
10 9 14 N
10 9 15 I
10 9 16 Q
10 9 17 P
17 17
11 9 10 D
11 9 11 T
11 9 12 K
11 9 13 S
11 9 14 N
11 9 15 I
11 9 16 Q
11 9 17 P
11 9 18 F
18 18
1 10 0 M
1 10 1 D
1 10 2 P
1 10 3 Y
1 10 4 M
1 10 5 R
1 10 6 G
1 10 7 R
1 10 8 M
1 10 9 N
9 9
2 10 1 D
2 10 2 P
2 10 3 Y
2 10 4 M
2 10 5 R
2 10 6 G
2 10 7 R
2 10 8 M
2 10 9 N
2 10 10 D
10 10
3 10 2 P
3 10 3 Y
3 10 4 M
3 10 5 R
3 10 6 G
3 10 7 R
3 10 8 M
3 10 9 N
3 10 10 D
3 10 11 T
11 11
4 10 3 Y
4 10 4 M
4 10 5 R
4 10 6 G
4 10 7 R
4 10 8 M
4 10 9 N
4 10 10 D
4 10 11 T
4 10 12 K
12 12
5 10 4 M
5 10 5 R
5 10 6 G
5 10 7 R
5 10 8 M
5 10 9 N
5 10 10 D
5 10 11 T
5 10 12 K
5 10 13 S
13 13
6 10 5 R
6 10 6 G
6 10 7 R
6 10 8 M
6 10 9 N
6 10 10 D
6 10 11 T
6 10 12 K
6 10 13 S
6 10 14 N
14 14
7 10 6 G
7 10 7 R
7 10 8 M
7 10 9 N
7 10 10 D
7 10 11 T
7 10 12 K
7 10 13 S
7 10 14 N
7 10 15 I
15 15
8 10 7 R
8 10 8 M
8 10 9 N
8 10 10 D
8 10 11 T
8 10 12 K
8 10 13 S
8 10 14 N
8 10 15 I
8 10 16 Q
16 16
9 10 8 M
9 10 9 N
9 10 10 D
9 10 11 T
9 10 12 K
9 10 13 S
9 10 14 N
9 10 15 I
9 10 16 Q
9 10 17 P
17 17
10 10 9 N
10 10 10 D
10 10 11 T
10 10 12 K
10 10 13 S
10 10 14 N
10 10 15 I
10 10 16 Q
10 10 17 P
10 10 18 F
18 18
1 11 0 M
1 11 1 D
1 11 2 P
1 11 3 Y
1 11 4 M
1 11 5 R
1 11 6 G
1 11 7 R
1 11 8 M
1 11 9 N
1 11 10 D
10 10
2 11 1 D
2 11 2 P
2 11 3 Y
2 11 4 M
2 11 5 R
2 11 6 G
2 11 7 R
2 11 8 M
2 11 9 N
2 11 10 D
2 11 11 T
11 11
3 11 2 P
3 11 3 Y
3 11 4 M
3 11 5 R
3 11 6 G
3 11 7 R
3 11 8 M
3 11 9 N
3 11 10 D
3 11 11 T
3 11 12 K
12 12
4 11 3 Y
4 11 4 M
4 11 5 R
4 11 6 G
4 11 7 R
4 11 8 M
4 11 9 N
4 11 10 D
4 11 11 T
4 11 12 K
4 11 13 S
13 13
5 11 4 M
5 11 5 R
5 11 6 G
5 11 7 R
5 11 8 M
5 11 9 N
5 11 10 D
5 11 11 T
5 11 12 K
5 11 13 S
5 11 14 N
14 14
6 11 5 R
6 11 6 G
6 11 7 R
6 11 8 M
6 11 9 N
6 11 10 D
6 11 11 T
6 11 12 K
6 11 13 S
6 11 14 N
6 11 15 I
15 15
7 11 6 G
7 11 7 R
7 11 8 M
7 11 9 N
7 11 10 D
7 11 11 T
7 11 12 K
7 11 13 S
7 11 14 N
7 11 15 I
7 11 16 Q
16 16
8 11 7 R
8 11 8 M
8 11 9 N
8 11 10 D
8 11 11 T
8 11 12 K
8 11 13 S
8 11 14 N
8 11 15 I
8 11 16 Q
8 11 17 P
17 17
9 11 8 M
9 11 9 N
9 11 10 D
9 11 11 T
9 11 12 K
9 11 13 S
9 11 14 N
9 11 15 I
9 11 16 Q
9 11 17 P
9 11 18 F
18 18
1 12 0 M
1 12 1 D
1 12 2 P
1 12 3 Y
1 12 4 M
1 12 5 R
1 12 6 G
1 12 7 R
1 12 8 M
1 12 9 N
1 12 10 D
1 12 11 T
11 11
2 12 1 D
2 12 2 P
2 12 3 Y
2 12 4 M
2 12 5 R
2 12 6 G
2 12 7 R
2 12 8 M
2 12 9 N
2 12 10 D
2 12 11 T
2 12 12 K
12 12
3 12 2 P
3 12 3 Y
3 12 4 M
3 12 5 R
3 12 6 G
3 12 7 R
3 12 8 M
3 12 9 N
3 12 10 D
3 12 11 T
3 12 12 K
3 12 13 S
13 13
4 12 3 Y
4 12 4 M
4 12 5 R
4 12 6 G
4 12 7 R
4 12 8 M
4 12 9 N
4 12 10 D
4 12 11 T
4 12 12 K
4 12 13 S
4 12 14 N
14 14
5 12 4 M
5 12 5 R
5 12 6 G
5 12 7 R
5 12 8 M
5 12 9 N
5 12 10 D
5 12 11 T
5 12 12 K
5 12 13 S
5 12 14 N
5 12 15 I
15 15
6 12 5 R
6 12 6 G
6 12 7 R
6 12 8 M
6 12 9 N
6 12 10 D
6 12 11 T
6 12 12 K
6 12 13 S
6 12 14 N
6 12 15 I
6 12 16 Q
16 16
7 12 6 G
7 12 7 R
7 12 8 M
7 12 9 N
7 12 10 D
7 12 11 T
7 12 12 K
7 12 13 S
7 12 14 N
7 12 15 I
7 12 16 Q
7 12 17 P
17 17
8 12 7 R
8 12 8 M
8 12 9 N
8 12 10 D
8 12 11 T
8 12 12 K
8 12 13 S
8 12 14 N
8 12 15 I
8 12 16 Q
8 12 17 P
8 12 18 F
18 18
1 13 0 M
1 13 1 D
1 13 2 P
1 13 3 Y
1 13 4 M
1 13 5 R
1 13 6 G
1 13 7 R
1 13 8 M
1 13 9 N
1 13 10 D
1 13 11 T
1 13 12 K
12 12
2 13 1 D
2 13 2 P
2 13 3 Y
2 13 4 M
2 13 5 R
2 13 6 G
2 13 7 R
2 13 8 M
2 13 9 N
2 13 10 D
2 13 11 T
2 13 12 K
2 13 13 S
13 13
3 13 2 P
3 13 3 Y
3 13 4 M
3 13 5 R
3 13 6 G
3 13 7 R
3 13 8 M
3 13 9 N
3 13 10 D
3 13 11 T
3 13 12 K
3 13 13 S
3 13 14 N
14 14
4 13 3 Y
4 13 4 M
4 13 5 R
4 13 6 G
4 13 7 R
4 13 8 M
4 13 9 N
4 13 10 D
4 13 11 T
4 13 12 K
4 13 13 S
4 13 14 N
4 13 15 I
15 15
5 13 4 M
5 13 5 R
5 13 6 G
5 13 7 R
5 13 8 M
5 13 9 N
5 13 10 D
5 13 11 T
5 13 12 K
5 13 13 S
5 13 14 N
5 13 15 I
5 13 16 Q
16 16
6 13 5 R
6 13 6 G
6 13 7 R
6 13 8 M
6 13 9 N
6 13 10 D
6 13 11 T
6 13 12 K
6 13 13 S
6 13 14 N
6 13 15 I
6 13 16 Q
6 13 17 P
17 17
7 13 6 G
7 13 7 R
7 13 8 M
7 13 9 N
7 13 10 D
7 13 11 T
7 13 12 K
7 13 13 S
7 13 14 N
7 13 15 I
7 13 16 Q
7 13 17 P
7 13 18 F
18 18
1 14 0 M
1 14 1 D
1 14 2 P
1 14 3 Y
1 14 4 M
1 14 5 R
1 14 6 G
1 14 7 R
1 14 8 M
1 14 9 N
1 14 10 D
1 14 11 T
1 14 12 K
1 14 13 S
13 13
2 14 1 D
2 14 2 P
2 14 3 Y
2 14 4 M
2 14 5 R
2 14 6 G
2 14 7 R
2 14 8 M
2 14 9 N
2 14 10 D
2 14 11 T
2 14 12 K
2 14 13 S
2 14 14 N
14 14
3 14 2 P
3 14 3 Y
3 14 4 M
3 14 5 R
3 14 6 G
3 14 7 R
3 14 8 M
3 14 9 N
3 14 10 D
3 14 11 T
3 14 12 K
3 14 13 S
3 14 14 N
3 14 15 I
15 15
4 14 3 Y
4 14 4 M
4 14 5 R
4 14 6 G
4 14 7 R
4 14 8 M
4 14 9 N
4 14 10 D
4 14 11 T
4 14 12 K
4 14 13 S
4 14 14 N
4 14 15 I
4 14 16 Q
16 16
5 14 4 M
5 14 5 R
5 14 6 G
5 14 7 R
5 14 8 M
5 14 9 N
5 14 10 D
5 14 11 T
5 14 12 K
5 14 13 S
5 14 14 N
5 14 15 I
5 14 16 Q
5 14 17 P
17 17
6 14 5 R
6 14 6 G
6 14 7 R
6 14 8 M
6 14 9 N
6 14 10 D
6 14 11 T
6 14 12 K
6 14 13 S
6 14 14 N
6 14 15 I
6 14 16 Q
6 14 17 P
6 14 18 F
18 18
1 15 0 M
1 15 1 D
1 15 2 P
1 15 3 Y
1 15 4 M
1 15 5 R
1 15 6 G
1 15 7 R
1 15 8 M
1 15 9 N
1 15 10 D
1 15 11 T
1 15 12 K
1 15 13 S
1 15 14 N
14 14
2 15 1 D
2 15 2 P
2 15 3 Y
2 15 4 M
2 15 5 R
2 15 6 G
2 15 7 R
2 15 8 M
2 15 9 N
2 15 10 D
2 15 11 T
2 15 12 K
2 15 13 S
2 15 14 N
2 15 15 I
15 15
3 15 2 P
3 15 3 Y
3 15 4 M
3 15 5 R
3 15 6 G
3 15 7 R
3 15 8 M
3 15 9 N
3 15 10 D
3 15 11 T
3 15 12 K
3 15 13 S
3 15 14 N
3 15 15 I
3 15 16 Q
16 16
4 15 3 Y
4 15 4 M
4 15 5 R
4 15 6 G
4 15 7 R
4 15 8 M
4 15 9 N
4 15 10 D
4 15 11 T
4 15 12 K
4 15 13 S
4 15 14 N
4 15 15 I
4 15 16 Q
4 15 17 P
17 17
5 15 4 M
5 15 5 R
5 15 6 G
5 15 7 R
5 15 8 M
5 15 9 N
5 15 10 D
5 15 11 T
5 15 12 K
5 15 13 S
5 15 14 N
5 15 15 I
5 15 16 Q
5 15 17 P
5 15 18 F
18 18
1 16 0 M
1 16 1 D
1 16 2 P
1 16 3 Y
1 16 4 M
1 16 5 R
1 16 6 G
1 16 7 R
1 16 8 M
1 16 9 N
1 16 10 D
1 16 11 T
1 16 12 K
1 16 13 S
1 16 14 N
1 16 15 I
15 15
2 16 1 D
2 16 2 P
2 16 3 Y
2 16 4 M
2 16 5 R
2 16 6 G
2 16 7 R
2 16 8 M
2 16 9 N
2 16 10 D
2 16 11 T
2 16 12 K
2 16 13 S
2 16 14 N
2 16 15 I
2 16 16 Q
16 16
3 16 2 P
3 16 3 Y
3 16 4 M
3 16 5 R
3 16 6 G
3 16 7 R
3 16 8 M
3 16 9 N
3 16 10 D
3 16 11 T
3 16 12 K
3 16 13 S
3 16 14 N
3 16 15 I
3 16 16 Q
3 16 17 P
17 17
4 16 3 Y
4 16 4 M
4 16 5 R
4 16 6 G
4 16 7 R
4 16 8 M
4 16 9 N
4 16 10 D
4 16 11 T
4 16 12 K
4 16 13 S
4 16 14 N
4 16 15 I
4 16 16 Q
4 16 17 P
4 16 18 F
18 18
1 17 0 M
1 17 1 D
1 17 2 P
1 17 3 Y
1 17 4 M
1 17 5 R
1 17 6 G
1 17 7 R
1 17 8 M
1 17 9 N
1 17 10 D
1 17 11 T
1 17 12 K
1 17 13 S
1 17 14 N
1 17 15 I
1 17 16 Q
16 16
2 17 1 D
2 17 2 P
2 17 3 Y
2 17 4 M
2 17 5 R
2 17 6 G
2 17 7 R
2 17 8 M
2 17 9 N
2 17 10 D
2 17 11 T
2 17 12 K
2 17 13 S
2 17 14 N
2 17 15 I
2 17 16 Q
2 17 17 P
17 17
3 17 2 P
3 17 3 Y
3 17 4 M
3 17 5 R
3 17 6 G
3 17 7 R
3 17 8 M
3 17 9 N
3 17 10 D
3 17 11 T
3 17 12 K
3 17 13 S
3 17 14 N
3 17 15 I
3 17 16 Q
3 17 17 P
3 17 18 F
18 18
1 18 0 M
1 18 1 D
1 18 2 P
1 18 3 Y
1 18 4 M
1 18 5 R
1 18 6 G
1 18 7 R
1 18 8 M
1 18 9 N
1 18 10 D
1 18 11 T
1 18 12 K
1 18 13 S
1 18 14 N
1 18 15 I
1 18 16 Q
1 18 17 P
17 17
2 18 1 D
2 18 2 P
2 18 3 Y
2 18 4 M
2 18 5 R
2 18 6 G
2 18 7 R
2 18 8 M
2 18 9 N
2 18 10 D
2 18 11 T
2 18 12 K
2 18 13 S
2 18 14 N
2 18 15 I
2 18 16 Q
2 18 17 P
2 18 18 F
18 18
1 19 0 M
1 19 1 D
1 19 2 P
1 19 3 Y
1 19 4 M
1 19 5 R
1 19 6 G
1 19 7 R
1 19 8 M
1 19 9 N
1 19 10 D
1 19 11 T
1 19 12 K
1 19 13 S
1 19 14 N
1 19 15 I
1 19 16 Q
1 19 17 P
1 19 18 F
18 18
betaaggr
partition
AGG 0 AMYLO 0.00965886 TURN 5.09826 HELIX 3.48621 HELAGG 0 BETA27.5295
