Do you want a prediction per residue?. If yes type Y. Default, N
Type the name of the file with the peptide names, conditions and sequence in one letter code and press Enter
Ficher = A0AAQ0LW72
Nterm = N
Cterm = N
pH = 7
temperatura = 298
ionic = 0.1
Stability = 0
Concentration = 1
aminoacido = AKQTGVSRSTVYRMLKD
1 peptides run, last one A0AAQ0LW72 N N 7.00 298.00 0.10 AKQTGVSRSTVYRMLKD
1 6 0 A
1 6 1 K
1 6 2 Q
1 6 3 T
1 6 4 G
1 6 5 V
5 5
2 6 1 K
2 6 2 Q
2 6 3 T
2 6 4 G
2 6 5 V
2 6 6 S
6 6
3 6 2 Q
3 6 3 T
3 6 4 G
3 6 5 V
3 6 6 S
3 6 7 R
7 7
4 6 3 T
4 6 4 G
4 6 5 V
4 6 6 S
4 6 7 R
4 6 8 S
8 8
5 6 4 G
5 6 5 V
5 6 6 S
5 6 7 R
5 6 8 S
5 6 9 T
9 9
6 6 5 V
6 6 6 S
6 6 7 R
6 6 8 S
6 6 9 T
6 6 10 V
10 10
7 6 6 S
7 6 7 R
7 6 8 S
7 6 9 T
7 6 10 V
7 6 11 Y
11 11
8 6 7 R
8 6 8 S
8 6 9 T
8 6 10 V
8 6 11 Y
8 6 12 R
12 12
9 6 8 S
9 6 9 T
9 6 10 V
9 6 11 Y
9 6 12 R
9 6 13 M
13 13
10 6 9 T
10 6 10 V
10 6 11 Y
10 6 12 R
10 6 13 M
10 6 14 L
14 14
11 6 10 V
11 6 11 Y
11 6 12 R
11 6 13 M
11 6 14 L
11 6 15 K
15 15
12 6 11 Y
12 6 12 R
12 6 13 M
12 6 14 L
12 6 15 K
12 6 16 D
16 16
1 7 0 A
1 7 1 K
1 7 2 Q
1 7 3 T
1 7 4 G
1 7 5 V
1 7 6 S
6 6
2 7 1 K
2 7 2 Q
2 7 3 T
2 7 4 G
2 7 5 V
2 7 6 S
2 7 7 R
7 7
3 7 2 Q
3 7 3 T
3 7 4 G
3 7 5 V
3 7 6 S
3 7 7 R
3 7 8 S
8 8
4 7 3 T
4 7 4 G
4 7 5 V
4 7 6 S
4 7 7 R
4 7 8 S
4 7 9 T
9 9
5 7 4 G
5 7 5 V
5 7 6 S
5 7 7 R
5 7 8 S
5 7 9 T
5 7 10 V
10 10
6 7 5 V
6 7 6 S
6 7 7 R
6 7 8 S
6 7 9 T
6 7 10 V
6 7 11 Y
11 11
7 7 6 S
7 7 7 R
7 7 8 S
7 7 9 T
7 7 10 V
7 7 11 Y
7 7 12 R
12 12
8 7 7 R
8 7 8 S
8 7 9 T
8 7 10 V
8 7 11 Y
8 7 12 R
8 7 13 M
13 13
9 7 8 S
9 7 9 T
9 7 10 V
9 7 11 Y
9 7 12 R
9 7 13 M
9 7 14 L
14 14
10 7 9 T
10 7 10 V
10 7 11 Y
10 7 12 R
10 7 13 M
10 7 14 L
10 7 15 K
15 15
11 7 10 V
11 7 11 Y
11 7 12 R
11 7 13 M
11 7 14 L
11 7 15 K
11 7 16 D
16 16
1 8 0 A
1 8 1 K
1 8 2 Q
1 8 3 T
1 8 4 G
1 8 5 V
1 8 6 S
1 8 7 R
7 7
2 8 1 K
2 8 2 Q
2 8 3 T
2 8 4 G
2 8 5 V
2 8 6 S
2 8 7 R
2 8 8 S
8 8
3 8 2 Q
3 8 3 T
3 8 4 G
3 8 5 V
3 8 6 S
3 8 7 R
3 8 8 S
3 8 9 T
9 9
4 8 3 T
4 8 4 G
4 8 5 V
4 8 6 S
4 8 7 R
4 8 8 S
4 8 9 T
4 8 10 V
10 10
5 8 4 G
5 8 5 V
5 8 6 S
5 8 7 R
5 8 8 S
5 8 9 T
5 8 10 V
5 8 11 Y
11 11
6 8 5 V
6 8 6 S
6 8 7 R
6 8 8 S
6 8 9 T
6 8 10 V
6 8 11 Y
6 8 12 R
12 12
7 8 6 S
7 8 7 R
7 8 8 S
7 8 9 T
7 8 10 V
7 8 11 Y
7 8 12 R
7 8 13 M
13 13
8 8 7 R
8 8 8 S
8 8 9 T
8 8 10 V
8 8 11 Y
8 8 12 R
8 8 13 M
8 8 14 L
14 14
9 8 8 S
9 8 9 T
9 8 10 V
9 8 11 Y
9 8 12 R
9 8 13 M
9 8 14 L
9 8 15 K
15 15
10 8 9 T
10 8 10 V
10 8 11 Y
10 8 12 R
10 8 13 M
10 8 14 L
10 8 15 K
10 8 16 D
16 16
1 9 0 A
1 9 1 K
1 9 2 Q
1 9 3 T
1 9 4 G
1 9 5 V
1 9 6 S
1 9 7 R
1 9 8 S
8 8
2 9 1 K
2 9 2 Q
2 9 3 T
2 9 4 G
2 9 5 V
2 9 6 S
2 9 7 R
2 9 8 S
2 9 9 T
9 9
3 9 2 Q
3 9 3 T
3 9 4 G
3 9 5 V
3 9 6 S
3 9 7 R
3 9 8 S
3 9 9 T
3 9 10 V
10 10
4 9 3 T
4 9 4 G
4 9 5 V
4 9 6 S
4 9 7 R
4 9 8 S
4 9 9 T
4 9 10 V
4 9 11 Y
11 11
5 9 4 G
5 9 5 V
5 9 6 S
5 9 7 R
5 9 8 S
5 9 9 T
5 9 10 V
5 9 11 Y
5 9 12 R
12 12
6 9 5 V
6 9 6 S
6 9 7 R
6 9 8 S
6 9 9 T
6 9 10 V
6 9 11 Y
6 9 12 R
6 9 13 M
13 13
7 9 6 S
7 9 7 R
7 9 8 S
7 9 9 T
7 9 10 V
7 9 11 Y
7 9 12 R
7 9 13 M
7 9 14 L
14 14
8 9 7 R
8 9 8 S
8 9 9 T
8 9 10 V
8 9 11 Y
8 9 12 R
8 9 13 M
8 9 14 L
8 9 15 K
15 15
9 9 8 S
9 9 9 T
9 9 10 V
9 9 11 Y
9 9 12 R
9 9 13 M
9 9 14 L
9 9 15 K
9 9 16 D
16 16
1 10 0 A
1 10 1 K
1 10 2 Q
1 10 3 T
1 10 4 G
1 10 5 V
1 10 6 S
1 10 7 R
1 10 8 S
1 10 9 T
9 9
2 10 1 K
2 10 2 Q
2 10 3 T
2 10 4 G
2 10 5 V
2 10 6 S
2 10 7 R
2 10 8 S
2 10 9 T
2 10 10 V
10 10
3 10 2 Q
3 10 3 T
3 10 4 G
3 10 5 V
3 10 6 S
3 10 7 R
3 10 8 S
3 10 9 T
3 10 10 V
3 10 11 Y
11 11
4 10 3 T
4 10 4 G
4 10 5 V
4 10 6 S
4 10 7 R
4 10 8 S
4 10 9 T
4 10 10 V
4 10 11 Y
4 10 12 R
12 12
5 10 4 G
5 10 5 V
5 10 6 S
5 10 7 R
5 10 8 S
5 10 9 T
5 10 10 V
5 10 11 Y
5 10 12 R
5 10 13 M
13 13
6 10 5 V
6 10 6 S
6 10 7 R
6 10 8 S
6 10 9 T
6 10 10 V
6 10 11 Y
6 10 12 R
6 10 13 M
6 10 14 L
14 14
7 10 6 S
7 10 7 R
7 10 8 S
7 10 9 T
7 10 10 V
7 10 11 Y
7 10 12 R
7 10 13 M
7 10 14 L
7 10 15 K
15 15
8 10 7 R
8 10 8 S
8 10 9 T
8 10 10 V
8 10 11 Y
8 10 12 R
8 10 13 M
8 10 14 L
8 10 15 K
8 10 16 D
16 16
1 11 0 A
1 11 1 K
1 11 2 Q
1 11 3 T
1 11 4 G
1 11 5 V
1 11 6 S
1 11 7 R
1 11 8 S
1 11 9 T
1 11 10 V
10 10
2 11 1 K
2 11 2 Q
2 11 3 T
2 11 4 G
2 11 5 V
2 11 6 S
2 11 7 R
2 11 8 S
2 11 9 T
2 11 10 V
2 11 11 Y
11 11
3 11 2 Q
3 11 3 T
3 11 4 G
3 11 5 V
3 11 6 S
3 11 7 R
3 11 8 S
3 11 9 T
3 11 10 V
3 11 11 Y
3 11 12 R
12 12
4 11 3 T
4 11 4 G
4 11 5 V
4 11 6 S
4 11 7 R
4 11 8 S
4 11 9 T
4 11 10 V
4 11 11 Y
4 11 12 R
4 11 13 M
13 13
5 11 4 G
5 11 5 V
5 11 6 S
5 11 7 R
5 11 8 S
5 11 9 T
5 11 10 V
5 11 11 Y
5 11 12 R
5 11 13 M
5 11 14 L
14 14
6 11 5 V
6 11 6 S
6 11 7 R
6 11 8 S
6 11 9 T
6 11 10 V
6 11 11 Y
6 11 12 R
6 11 13 M
6 11 14 L
6 11 15 K
15 15
7 11 6 S
7 11 7 R
7 11 8 S
7 11 9 T
7 11 10 V
7 11 11 Y
7 11 12 R
7 11 13 M
7 11 14 L
7 11 15 K
7 11 16 D
16 16
1 12 0 A
1 12 1 K
1 12 2 Q
1 12 3 T
1 12 4 G
1 12 5 V
1 12 6 S
1 12 7 R
1 12 8 S
1 12 9 T
1 12 10 V
1 12 11 Y
11 11
2 12 1 K
2 12 2 Q
2 12 3 T
2 12 4 G
2 12 5 V
2 12 6 S
2 12 7 R
2 12 8 S
2 12 9 T
2 12 10 V
2 12 11 Y
2 12 12 R
12 12
3 12 2 Q
3 12 3 T
3 12 4 G
3 12 5 V
3 12 6 S
3 12 7 R
3 12 8 S
3 12 9 T
3 12 10 V
3 12 11 Y
3 12 12 R
3 12 13 M
13 13
4 12 3 T
4 12 4 G
4 12 5 V
4 12 6 S
4 12 7 R
4 12 8 S
4 12 9 T
4 12 10 V
4 12 11 Y
4 12 12 R
4 12 13 M
4 12 14 L
14 14
5 12 4 G
5 12 5 V
5 12 6 S
5 12 7 R
5 12 8 S
5 12 9 T
5 12 10 V
5 12 11 Y
5 12 12 R
5 12 13 M
5 12 14 L
5 12 15 K
15 15
6 12 5 V
6 12 6 S
6 12 7 R
6 12 8 S
6 12 9 T
6 12 10 V
6 12 11 Y
6 12 12 R
6 12 13 M
6 12 14 L
6 12 15 K
6 12 16 D
16 16
1 13 0 A
1 13 1 K
1 13 2 Q
1 13 3 T
1 13 4 G
1 13 5 V
1 13 6 S
1 13 7 R
1 13 8 S
1 13 9 T
1 13 10 V
1 13 11 Y
1 13 12 R
12 12
2 13 1 K
2 13 2 Q
2 13 3 T
2 13 4 G
2 13 5 V
2 13 6 S
2 13 7 R
2 13 8 S
2 13 9 T
2 13 10 V
2 13 11 Y
2 13 12 R
2 13 13 M
13 13
3 13 2 Q
3 13 3 T
3 13 4 G
3 13 5 V
3 13 6 S
3 13 7 R
3 13 8 S
3 13 9 T
3 13 10 V
3 13 11 Y
3 13 12 R
3 13 13 M
3 13 14 L
14 14
4 13 3 T
4 13 4 G
4 13 5 V
4 13 6 S
4 13 7 R
4 13 8 S
4 13 9 T
4 13 10 V
4 13 11 Y
4 13 12 R
4 13 13 M
4 13 14 L
4 13 15 K
15 15
5 13 4 G
5 13 5 V
5 13 6 S
5 13 7 R
5 13 8 S
5 13 9 T
5 13 10 V
5 13 11 Y
5 13 12 R
5 13 13 M
5 13 14 L
5 13 15 K
5 13 16 D
16 16
1 14 0 A
1 14 1 K
1 14 2 Q
1 14 3 T
1 14 4 G
1 14 5 V
1 14 6 S
1 14 7 R
1 14 8 S
1 14 9 T
1 14 10 V
1 14 11 Y
1 14 12 R
1 14 13 M
13 13
2 14 1 K
2 14 2 Q
2 14 3 T
2 14 4 G
2 14 5 V
2 14 6 S
2 14 7 R
2 14 8 S
2 14 9 T
2 14 10 V
2 14 11 Y
2 14 12 R
2 14 13 M
2 14 14 L
14 14
3 14 2 Q
3 14 3 T
3 14 4 G
3 14 5 V
3 14 6 S
3 14 7 R
3 14 8 S
3 14 9 T
3 14 10 V
3 14 11 Y
3 14 12 R
3 14 13 M
3 14 14 L
3 14 15 K
15 15
4 14 3 T
4 14 4 G
4 14 5 V
4 14 6 S
4 14 7 R
4 14 8 S
4 14 9 T
4 14 10 V
4 14 11 Y
4 14 12 R
4 14 13 M
4 14 14 L
4 14 15 K
4 14 16 D
16 16
1 15 0 A
1 15 1 K
1 15 2 Q
1 15 3 T
1 15 4 G
1 15 5 V
1 15 6 S
1 15 7 R
1 15 8 S
1 15 9 T
1 15 10 V
1 15 11 Y
1 15 12 R
1 15 13 M
1 15 14 L
14 14
2 15 1 K
2 15 2 Q
2 15 3 T
2 15 4 G
2 15 5 V
2 15 6 S
2 15 7 R
2 15 8 S
2 15 9 T
2 15 10 V
2 15 11 Y
2 15 12 R
2 15 13 M
2 15 14 L
2 15 15 K
15 15
3 15 2 Q
3 15 3 T
3 15 4 G
3 15 5 V
3 15 6 S
3 15 7 R
3 15 8 S
3 15 9 T
3 15 10 V
3 15 11 Y
3 15 12 R
3 15 13 M
3 15 14 L
3 15 15 K
3 15 16 D
16 16
1 16 0 A
1 16 1 K
1 16 2 Q
1 16 3 T
1 16 4 G
1 16 5 V
1 16 6 S
1 16 7 R
1 16 8 S
1 16 9 T
1 16 10 V
1 16 11 Y
1 16 12 R
1 16 13 M
1 16 14 L
1 16 15 K
15 15
2 16 1 K
2 16 2 Q
2 16 3 T
2 16 4 G
2 16 5 V
2 16 6 S
2 16 7 R
2 16 8 S
2 16 9 T
2 16 10 V
2 16 11 Y
2 16 12 R
2 16 13 M
2 16 14 L
2 16 15 K
2 16 16 D
16 16
1 17 0 A
1 17 1 K
1 17 2 Q
1 17 3 T
1 17 4 G
1 17 5 V
1 17 6 S
1 17 7 R
1 17 8 S
1 17 9 T
1 17 10 V
1 17 11 Y
1 17 12 R
1 17 13 M
1 17 14 L
1 17 15 K
1 17 16 D
16 16
betaaggr
partition
AGG 0 AMYLO 0.00122064 TURN 3.22017 HELIX 3.03948 HELAGG 0 BETA41.6275
