Do you want a prediction per residue?. If yes type Y. Default, N
Type the name of the file with the peptide names, conditions and sequence in one letter code and press Enter
Ficher = A0AB37XW29
Nterm = N
Cterm = N
pH = 7
temperatura = 298
ionic = 0.1
Stability = 0
Concentration = 1
aminoacido = WIEENTDEQDRLINLVMKW
1 peptides run, last one A0AB37XW29 N N 7.00 298.00 0.10 WIEENTDEQDRLINLVMKW
1 6 0 W
1 6 1 I
1 6 2 E
1 6 3 E
1 6 4 N
1 6 5 T
5 5
2 6 1 I
2 6 2 E
2 6 3 E
2 6 4 N
2 6 5 T
2 6 6 D
6 6
3 6 2 E
3 6 3 E
3 6 4 N
3 6 5 T
3 6 6 D
3 6 7 E
7 7
4 6 3 E
4 6 4 N
4 6 5 T
4 6 6 D
4 6 7 E
4 6 8 Q
8 8
5 6 4 N
5 6 5 T
5 6 6 D
5 6 7 E
5 6 8 Q
5 6 9 D
9 9
6 6 5 T
6 6 6 D
6 6 7 E
6 6 8 Q
6 6 9 D
6 6 10 R
10 10
7 6 6 D
7 6 7 E
7 6 8 Q
7 6 9 D
7 6 10 R
7 6 11 L
11 11
8 6 7 E
8 6 8 Q
8 6 9 D
8 6 10 R
8 6 11 L
8 6 12 I
12 12
9 6 8 Q
9 6 9 D
9 6 10 R
9 6 11 L
9 6 12 I
9 6 13 N
13 13
10 6 9 D
10 6 10 R
10 6 11 L
10 6 12 I
10 6 13 N
10 6 14 L
14 14
11 6 10 R
11 6 11 L
11 6 12 I
11 6 13 N
11 6 14 L
11 6 15 V
15 15
12 6 11 L
12 6 12 I
12 6 13 N
12 6 14 L
12 6 15 V
12 6 16 M
16 16
13 6 12 I
13 6 13 N
13 6 14 L
13 6 15 V
13 6 16 M
13 6 17 K
17 17
14 6 13 N
14 6 14 L
14 6 15 V
14 6 16 M
14 6 17 K
14 6 18 W
18 18
1 7 0 W
1 7 1 I
1 7 2 E
1 7 3 E
1 7 4 N
1 7 5 T
1 7 6 D
6 6
2 7 1 I
2 7 2 E
2 7 3 E
2 7 4 N
2 7 5 T
2 7 6 D
2 7 7 E
7 7
3 7 2 E
3 7 3 E
3 7 4 N
3 7 5 T
3 7 6 D
3 7 7 E
3 7 8 Q
8 8
4 7 3 E
4 7 4 N
4 7 5 T
4 7 6 D
4 7 7 E
4 7 8 Q
4 7 9 D
9 9
5 7 4 N
5 7 5 T
5 7 6 D
5 7 7 E
5 7 8 Q
5 7 9 D
5 7 10 R
10 10
6 7 5 T
6 7 6 D
6 7 7 E
6 7 8 Q
6 7 9 D
6 7 10 R
6 7 11 L
11 11
7 7 6 D
7 7 7 E
7 7 8 Q
7 7 9 D
7 7 10 R
7 7 11 L
7 7 12 I
12 12
8 7 7 E
8 7 8 Q
8 7 9 D
8 7 10 R
8 7 11 L
8 7 12 I
8 7 13 N
13 13
9 7 8 Q
9 7 9 D
9 7 10 R
9 7 11 L
9 7 12 I
9 7 13 N
9 7 14 L
14 14
10 7 9 D
10 7 10 R
10 7 11 L
10 7 12 I
10 7 13 N
10 7 14 L
10 7 15 V
15 15
11 7 10 R
11 7 11 L
11 7 12 I
11 7 13 N
11 7 14 L
11 7 15 V
11 7 16 M
16 16
12 7 11 L
12 7 12 I
12 7 13 N
12 7 14 L
12 7 15 V
12 7 16 M
12 7 17 K
17 17
13 7 12 I
13 7 13 N
13 7 14 L
13 7 15 V
13 7 16 M
13 7 17 K
13 7 18 W
18 18
1 8 0 W
1 8 1 I
1 8 2 E
1 8 3 E
1 8 4 N
1 8 5 T
1 8 6 D
1 8 7 E
7 7
2 8 1 I
2 8 2 E
2 8 3 E
2 8 4 N
2 8 5 T
2 8 6 D
2 8 7 E
2 8 8 Q
8 8
3 8 2 E
3 8 3 E
3 8 4 N
3 8 5 T
3 8 6 D
3 8 7 E
3 8 8 Q
3 8 9 D
9 9
4 8 3 E
4 8 4 N
4 8 5 T
4 8 6 D
4 8 7 E
4 8 8 Q
4 8 9 D
4 8 10 R
10 10
5 8 4 N
5 8 5 T
5 8 6 D
5 8 7 E
5 8 8 Q
5 8 9 D
5 8 10 R
5 8 11 L
11 11
6 8 5 T
6 8 6 D
6 8 7 E
6 8 8 Q
6 8 9 D
6 8 10 R
6 8 11 L
6 8 12 I
12 12
7 8 6 D
7 8 7 E
7 8 8 Q
7 8 9 D
7 8 10 R
7 8 11 L
7 8 12 I
7 8 13 N
13 13
8 8 7 E
8 8 8 Q
8 8 9 D
8 8 10 R
8 8 11 L
8 8 12 I
8 8 13 N
8 8 14 L
14 14
9 8 8 Q
9 8 9 D
9 8 10 R
9 8 11 L
9 8 12 I
9 8 13 N
9 8 14 L
9 8 15 V
15 15
10 8 9 D
10 8 10 R
10 8 11 L
10 8 12 I
10 8 13 N
10 8 14 L
10 8 15 V
10 8 16 M
16 16
11 8 10 R
11 8 11 L
11 8 12 I
11 8 13 N
11 8 14 L
11 8 15 V
11 8 16 M
11 8 17 K
17 17
12 8 11 L
12 8 12 I
12 8 13 N
12 8 14 L
12 8 15 V
12 8 16 M
12 8 17 K
12 8 18 W
18 18
1 9 0 W
1 9 1 I
1 9 2 E
1 9 3 E
1 9 4 N
1 9 5 T
1 9 6 D
1 9 7 E
1 9 8 Q
8 8
2 9 1 I
2 9 2 E
2 9 3 E
2 9 4 N
2 9 5 T
2 9 6 D
2 9 7 E
2 9 8 Q
2 9 9 D
9 9
3 9 2 E
3 9 3 E
3 9 4 N
3 9 5 T
3 9 6 D
3 9 7 E
3 9 8 Q
3 9 9 D
3 9 10 R
10 10
4 9 3 E
4 9 4 N
4 9 5 T
4 9 6 D
4 9 7 E
4 9 8 Q
4 9 9 D
4 9 10 R
4 9 11 L
11 11
5 9 4 N
5 9 5 T
5 9 6 D
5 9 7 E
5 9 8 Q
5 9 9 D
5 9 10 R
5 9 11 L
5 9 12 I
12 12
6 9 5 T
6 9 6 D
6 9 7 E
6 9 8 Q
6 9 9 D
6 9 10 R
6 9 11 L
6 9 12 I
6 9 13 N
13 13
7 9 6 D
7 9 7 E
7 9 8 Q
7 9 9 D
7 9 10 R
7 9 11 L
7 9 12 I
7 9 13 N
7 9 14 L
14 14
8 9 7 E
8 9 8 Q
8 9 9 D
8 9 10 R
8 9 11 L
8 9 12 I
8 9 13 N
8 9 14 L
8 9 15 V
15 15
9 9 8 Q
9 9 9 D
9 9 10 R
9 9 11 L
9 9 12 I
9 9 13 N
9 9 14 L
9 9 15 V
9 9 16 M
16 16
10 9 9 D
10 9 10 R
10 9 11 L
10 9 12 I
10 9 13 N
10 9 14 L
10 9 15 V
10 9 16 M
10 9 17 K
17 17
11 9 10 R
11 9 11 L
11 9 12 I
11 9 13 N
11 9 14 L
11 9 15 V
11 9 16 M
11 9 17 K
11 9 18 W
18 18
1 10 0 W
1 10 1 I
1 10 2 E
1 10 3 E
1 10 4 N
1 10 5 T
1 10 6 D
1 10 7 E
1 10 8 Q
1 10 9 D
9 9
2 10 1 I
2 10 2 E
2 10 3 E
2 10 4 N
2 10 5 T
2 10 6 D
2 10 7 E
2 10 8 Q
2 10 9 D
2 10 10 R
10 10
3 10 2 E
3 10 3 E
3 10 4 N
3 10 5 T
3 10 6 D
3 10 7 E
3 10 8 Q
3 10 9 D
3 10 10 R
3 10 11 L
11 11
4 10 3 E
4 10 4 N
4 10 5 T
4 10 6 D
4 10 7 E
4 10 8 Q
4 10 9 D
4 10 10 R
4 10 11 L
4 10 12 I
12 12
5 10 4 N
5 10 5 T
5 10 6 D
5 10 7 E
5 10 8 Q
5 10 9 D
5 10 10 R
5 10 11 L
5 10 12 I
5 10 13 N
13 13
6 10 5 T
6 10 6 D
6 10 7 E
6 10 8 Q
6 10 9 D
6 10 10 R
6 10 11 L
6 10 12 I
6 10 13 N
6 10 14 L
14 14
7 10 6 D
7 10 7 E
7 10 8 Q
7 10 9 D
7 10 10 R
7 10 11 L
7 10 12 I
7 10 13 N
7 10 14 L
7 10 15 V
15 15
8 10 7 E
8 10 8 Q
8 10 9 D
8 10 10 R
8 10 11 L
8 10 12 I
8 10 13 N
8 10 14 L
8 10 15 V
8 10 16 M
16 16
9 10 8 Q
9 10 9 D
9 10 10 R
9 10 11 L
9 10 12 I
9 10 13 N
9 10 14 L
9 10 15 V
9 10 16 M
9 10 17 K
17 17
10 10 9 D
10 10 10 R
10 10 11 L
10 10 12 I
10 10 13 N
10 10 14 L
10 10 15 V
10 10 16 M
10 10 17 K
10 10 18 W
18 18
1 11 0 W
1 11 1 I
1 11 2 E
1 11 3 E
1 11 4 N
1 11 5 T
1 11 6 D
1 11 7 E
1 11 8 Q
1 11 9 D
1 11 10 R
10 10
2 11 1 I
2 11 2 E
2 11 3 E
2 11 4 N
2 11 5 T
2 11 6 D
2 11 7 E
2 11 8 Q
2 11 9 D
2 11 10 R
2 11 11 L
11 11
3 11 2 E
3 11 3 E
3 11 4 N
3 11 5 T
3 11 6 D
3 11 7 E
3 11 8 Q
3 11 9 D
3 11 10 R
3 11 11 L
3 11 12 I
12 12
4 11 3 E
4 11 4 N
4 11 5 T
4 11 6 D
4 11 7 E
4 11 8 Q
4 11 9 D
4 11 10 R
4 11 11 L
4 11 12 I
4 11 13 N
13 13
5 11 4 N
5 11 5 T
5 11 6 D
5 11 7 E
5 11 8 Q
5 11 9 D
5 11 10 R
5 11 11 L
5 11 12 I
5 11 13 N
5 11 14 L
14 14
6 11 5 T
6 11 6 D
6 11 7 E
6 11 8 Q
6 11 9 D
6 11 10 R
6 11 11 L
6 11 12 I
6 11 13 N
6 11 14 L
6 11 15 V
15 15
7 11 6 D
7 11 7 E
7 11 8 Q
7 11 9 D
7 11 10 R
7 11 11 L
7 11 12 I
7 11 13 N
7 11 14 L
7 11 15 V
7 11 16 M
16 16
8 11 7 E
8 11 8 Q
8 11 9 D
8 11 10 R
8 11 11 L
8 11 12 I
8 11 13 N
8 11 14 L
8 11 15 V
8 11 16 M
8 11 17 K
17 17
9 11 8 Q
9 11 9 D
9 11 10 R
9 11 11 L
9 11 12 I
9 11 13 N
9 11 14 L
9 11 15 V
9 11 16 M
9 11 17 K
9 11 18 W
18 18
1 12 0 W
1 12 1 I
1 12 2 E
1 12 3 E
1 12 4 N
1 12 5 T
1 12 6 D
1 12 7 E
1 12 8 Q
1 12 9 D
1 12 10 R
1 12 11 L
11 11
2 12 1 I
2 12 2 E
2 12 3 E
2 12 4 N
2 12 5 T
2 12 6 D
2 12 7 E
2 12 8 Q
2 12 9 D
2 12 10 R
2 12 11 L
2 12 12 I
12 12
3 12 2 E
3 12 3 E
3 12 4 N
3 12 5 T
3 12 6 D
3 12 7 E
3 12 8 Q
3 12 9 D
3 12 10 R
3 12 11 L
3 12 12 I
3 12 13 N
13 13
4 12 3 E
4 12 4 N
4 12 5 T
4 12 6 D
4 12 7 E
4 12 8 Q
4 12 9 D
4 12 10 R
4 12 11 L
4 12 12 I
4 12 13 N
4 12 14 L
14 14
5 12 4 N
5 12 5 T
5 12 6 D
5 12 7 E
5 12 8 Q
5 12 9 D
5 12 10 R
5 12 11 L
5 12 12 I
5 12 13 N
5 12 14 L
5 12 15 V
15 15
6 12 5 T
6 12 6 D
6 12 7 E
6 12 8 Q
6 12 9 D
6 12 10 R
6 12 11 L
6 12 12 I
6 12 13 N
6 12 14 L
6 12 15 V
6 12 16 M
16 16
7 12 6 D
7 12 7 E
7 12 8 Q
7 12 9 D
7 12 10 R
7 12 11 L
7 12 12 I
7 12 13 N
7 12 14 L
7 12 15 V
7 12 16 M
7 12 17 K
17 17
8 12 7 E
8 12 8 Q
8 12 9 D
8 12 10 R
8 12 11 L
8 12 12 I
8 12 13 N
8 12 14 L
8 12 15 V
8 12 16 M
8 12 17 K
8 12 18 W
18 18
1 13 0 W
1 13 1 I
1 13 2 E
1 13 3 E
1 13 4 N
1 13 5 T
1 13 6 D
1 13 7 E
1 13 8 Q
1 13 9 D
1 13 10 R
1 13 11 L
1 13 12 I
12 12
2 13 1 I
2 13 2 E
2 13 3 E
2 13 4 N
2 13 5 T
2 13 6 D
2 13 7 E
2 13 8 Q
2 13 9 D
2 13 10 R
2 13 11 L
2 13 12 I
2 13 13 N
13 13
3 13 2 E
3 13 3 E
3 13 4 N
3 13 5 T
3 13 6 D
3 13 7 E
3 13 8 Q
3 13 9 D
3 13 10 R
3 13 11 L
3 13 12 I
3 13 13 N
3 13 14 L
14 14
4 13 3 E
4 13 4 N
4 13 5 T
4 13 6 D
4 13 7 E
4 13 8 Q
4 13 9 D
4 13 10 R
4 13 11 L
4 13 12 I
4 13 13 N
4 13 14 L
4 13 15 V
15 15
5 13 4 N
5 13 5 T
5 13 6 D
5 13 7 E
5 13 8 Q
5 13 9 D
5 13 10 R
5 13 11 L
5 13 12 I
5 13 13 N
5 13 14 L
5 13 15 V
5 13 16 M
16 16
6 13 5 T
6 13 6 D
6 13 7 E
6 13 8 Q
6 13 9 D
6 13 10 R
6 13 11 L
6 13 12 I
6 13 13 N
6 13 14 L
6 13 15 V
6 13 16 M
6 13 17 K
17 17
7 13 6 D
7 13 7 E
7 13 8 Q
7 13 9 D
7 13 10 R
7 13 11 L
7 13 12 I
7 13 13 N
7 13 14 L
7 13 15 V
7 13 16 M
7 13 17 K
7 13 18 W
18 18
1 14 0 W
1 14 1 I
1 14 2 E
1 14 3 E
1 14 4 N
1 14 5 T
1 14 6 D
1 14 7 E
1 14 8 Q
1 14 9 D
1 14 10 R
1 14 11 L
1 14 12 I
1 14 13 N
13 13
2 14 1 I
2 14 2 E
2 14 3 E
2 14 4 N
2 14 5 T
2 14 6 D
2 14 7 E
2 14 8 Q
2 14 9 D
2 14 10 R
2 14 11 L
2 14 12 I
2 14 13 N
2 14 14 L
14 14
3 14 2 E
3 14 3 E
3 14 4 N
3 14 5 T
3 14 6 D
3 14 7 E
3 14 8 Q
3 14 9 D
3 14 10 R
3 14 11 L
3 14 12 I
3 14 13 N
3 14 14 L
3 14 15 V
15 15
4 14 3 E
4 14 4 N
4 14 5 T
4 14 6 D
4 14 7 E
4 14 8 Q
4 14 9 D
4 14 10 R
4 14 11 L
4 14 12 I
4 14 13 N
4 14 14 L
4 14 15 V
4 14 16 M
16 16
5 14 4 N
5 14 5 T
5 14 6 D
5 14 7 E
5 14 8 Q
5 14 9 D
5 14 10 R
5 14 11 L
5 14 12 I
5 14 13 N
5 14 14 L
5 14 15 V
5 14 16 M
5 14 17 K
17 17
6 14 5 T
6 14 6 D
6 14 7 E
6 14 8 Q
6 14 9 D
6 14 10 R
6 14 11 L
6 14 12 I
6 14 13 N
6 14 14 L
6 14 15 V
6 14 16 M
6 14 17 K
6 14 18 W
18 18
1 15 0 W
1 15 1 I
1 15 2 E
1 15 3 E
1 15 4 N
1 15 5 T
1 15 6 D
1 15 7 E
1 15 8 Q
1 15 9 D
1 15 10 R
1 15 11 L
1 15 12 I
1 15 13 N
1 15 14 L
14 14
2 15 1 I
2 15 2 E
2 15 3 E
2 15 4 N
2 15 5 T
2 15 6 D
2 15 7 E
2 15 8 Q
2 15 9 D
2 15 10 R
2 15 11 L
2 15 12 I
2 15 13 N
2 15 14 L
2 15 15 V
15 15
3 15 2 E
3 15 3 E
3 15 4 N
3 15 5 T
3 15 6 D
3 15 7 E
3 15 8 Q
3 15 9 D
3 15 10 R
3 15 11 L
3 15 12 I
3 15 13 N
3 15 14 L
3 15 15 V
3 15 16 M
16 16
4 15 3 E
4 15 4 N
4 15 5 T
4 15 6 D
4 15 7 E
4 15 8 Q
4 15 9 D
4 15 10 R
4 15 11 L
4 15 12 I
4 15 13 N
4 15 14 L
4 15 15 V
4 15 16 M
4 15 17 K
17 17
5 15 4 N
5 15 5 T
5 15 6 D
5 15 7 E
5 15 8 Q
5 15 9 D
5 15 10 R
5 15 11 L
5 15 12 I
5 15 13 N
5 15 14 L
5 15 15 V
5 15 16 M
5 15 17 K
5 15 18 W
18 18
1 16 0 W
1 16 1 I
1 16 2 E
1 16 3 E
1 16 4 N
1 16 5 T
1 16 6 D
1 16 7 E
1 16 8 Q
1 16 9 D
1 16 10 R
1 16 11 L
1 16 12 I
1 16 13 N
1 16 14 L
1 16 15 V
15 15
2 16 1 I
2 16 2 E
2 16 3 E
2 16 4 N
2 16 5 T
2 16 6 D
2 16 7 E
2 16 8 Q
2 16 9 D
2 16 10 R
2 16 11 L
2 16 12 I
2 16 13 N
2 16 14 L
2 16 15 V
2 16 16 M
16 16
3 16 2 E
3 16 3 E
3 16 4 N
3 16 5 T
3 16 6 D
3 16 7 E
3 16 8 Q
3 16 9 D
3 16 10 R
3 16 11 L
3 16 12 I
3 16 13 N
3 16 14 L
3 16 15 V
3 16 16 M
3 16 17 K
17 17
4 16 3 E
4 16 4 N
4 16 5 T
4 16 6 D
4 16 7 E
4 16 8 Q
4 16 9 D
4 16 10 R
4 16 11 L
4 16 12 I
4 16 13 N
4 16 14 L
4 16 15 V
4 16 16 M
4 16 17 K
4 16 18 W
18 18
1 17 0 W
1 17 1 I
1 17 2 E
1 17 3 E
1 17 4 N
1 17 5 T
1 17 6 D
1 17 7 E
1 17 8 Q
1 17 9 D
1 17 10 R
1 17 11 L
1 17 12 I
1 17 13 N
1 17 14 L
1 17 15 V
1 17 16 M
16 16
2 17 1 I
2 17 2 E
2 17 3 E
2 17 4 N
2 17 5 T
2 17 6 D
2 17 7 E
2 17 8 Q
2 17 9 D
2 17 10 R
2 17 11 L
2 17 12 I
2 17 13 N
2 17 14 L
2 17 15 V
2 17 16 M
2 17 17 K
17 17
3 17 2 E
3 17 3 E
3 17 4 N
3 17 5 T
3 17 6 D
3 17 7 E
3 17 8 Q
3 17 9 D
3 17 10 R
3 17 11 L
3 17 12 I
3 17 13 N
3 17 14 L
3 17 15 V
3 17 16 M
3 17 17 K
3 17 18 W
18 18
1 18 0 W
1 18 1 I
1 18 2 E
1 18 3 E
1 18 4 N
1 18 5 T
1 18 6 D
1 18 7 E
1 18 8 Q
1 18 9 D
1 18 10 R
1 18 11 L
1 18 12 I
1 18 13 N
1 18 14 L
1 18 15 V
1 18 16 M
1 18 17 K
17 17
2 18 1 I
2 18 2 E
2 18 3 E
2 18 4 N
2 18 5 T
2 18 6 D
2 18 7 E
2 18 8 Q
2 18 9 D
2 18 10 R
2 18 11 L
2 18 12 I
2 18 13 N
2 18 14 L
2 18 15 V
2 18 16 M
2 18 17 K
2 18 18 W
18 18
1 19 0 W
1 19 1 I
1 19 2 E
1 19 3 E
1 19 4 N
1 19 5 T
1 19 6 D
1 19 7 E
1 19 8 Q
1 19 9 D
1 19 10 R
1 19 11 L
1 19 12 I
1 19 13 N
1 19 14 L
1 19 15 V
1 19 16 M
1 19 17 K
1 19 18 W
18 18
betaaggr
partition
AGG 279.378 AMYLO 0.466952 TURN 5.24924 HELIX 30.5929 HELAGG 0 BETA31.3965
