Do you want a prediction per residue?. If yes type Y. Default, N
Type the name of the file with the peptide names, conditions and sequence in one letter code and press Enter
Ficher = A0AB37XPD9
Nterm = N
Cterm = N
pH = 7
temperatura = 298
ionic = 0.1
Stability = 0
Concentration = 1
aminoacido = MQHQAYINASVDIRI
1 peptides run, last one A0AB37XPD9 N N 7.00 298.00 0.10 MQHQAYINASVDIRI
1 6 0 M
1 6 1 Q
1 6 2 H
1 6 3 Q
1 6 4 A
1 6 5 Y
5 5
2 6 1 Q
2 6 2 H
2 6 3 Q
2 6 4 A
2 6 5 Y
2 6 6 I
6 6
3 6 2 H
3 6 3 Q
3 6 4 A
3 6 5 Y
3 6 6 I
3 6 7 N
7 7
4 6 3 Q
4 6 4 A
4 6 5 Y
4 6 6 I
4 6 7 N
4 6 8 A
5 6 4 A
5 6 5 Y
5 6 6 I
5 6 7 N
5 6 8 A
5 6 9 S
9 9
6 6 5 Y
6 6 6 I
6 6 7 N
6 6 8 A
6 6 9 S
6 6 10 V
10 10
7 6 6 I
7 6 7 N
7 6 8 A
7 6 9 S
7 6 10 V
7 6 11 D
11 11
8 6 7 N
8 6 8 A
8 6 9 S
8 6 10 V
8 6 11 D
8 6 12 I
9 6 8 A
9 6 9 S
9 6 10 V
9 6 11 D
9 6 12 I
9 6 13 R
13 13
10 6 9 S
10 6 10 V
10 6 11 D
10 6 12 I
10 6 13 R
10 6 14 I
14 14
1 7 0 M
1 7 1 Q
1 7 2 H
1 7 3 Q
1 7 4 A
1 7 5 Y
1 7 6 I
6 6
2 7 1 Q
2 7 2 H
2 7 3 Q
2 7 4 A
2 7 5 Y
2 7 6 I
2 7 7 N
7 7
3 7 2 H
3 7 3 Q
3 7 4 A
3 7 5 Y
3 7 6 I
3 7 7 N
3 7 8 A
4 7 3 Q
4 7 4 A
4 7 5 Y
4 7 6 I
4 7 7 N
4 7 8 A
4 7 9 S
9 9
5 7 4 A
5 7 5 Y
5 7 6 I
5 7 7 N
5 7 8 A
5 7 9 S
5 7 10 V
10 10
6 7 5 Y
6 7 6 I
6 7 7 N
6 7 8 A
6 7 9 S
6 7 10 V
6 7 11 D
11 11
7 7 6 I
7 7 7 N
7 7 8 A
7 7 9 S
7 7 10 V
7 7 11 D
7 7 12 I
8 7 7 N
8 7 8 A
8 7 9 S
8 7 10 V
8 7 11 D
8 7 12 I
8 7 13 R
13 13
9 7 8 A
9 7 9 S
9 7 10 V
9 7 11 D
9 7 12 I
9 7 13 R
9 7 14 I
14 14
1 8 0 M
1 8 1 Q
1 8 2 H
1 8 3 Q
1 8 4 A
1 8 5 Y
1 8 6 I
1 8 7 N
7 7
2 8 1 Q
2 8 2 H
2 8 3 Q
2 8 4 A
2 8 5 Y
2 8 6 I
2 8 7 N
2 8 8 A
3 8 2 H
3 8 3 Q
3 8 4 A
3 8 5 Y
3 8 6 I
3 8 7 N
3 8 8 A
3 8 9 S
9 9
4 8 3 Q
4 8 4 A
4 8 5 Y
4 8 6 I
4 8 7 N
4 8 8 A
4 8 9 S
4 8 10 V
10 10
5 8 4 A
5 8 5 Y
5 8 6 I
5 8 7 N
5 8 8 A
5 8 9 S
5 8 10 V
5 8 11 D
11 11
6 8 5 Y
6 8 6 I
6 8 7 N
6 8 8 A
6 8 9 S
6 8 10 V
6 8 11 D
6 8 12 I
7 8 6 I
7 8 7 N
7 8 8 A
7 8 9 S
7 8 10 V
7 8 11 D
7 8 12 I
7 8 13 R
13 13
8 8 7 N
8 8 8 A
8 8 9 S
8 8 10 V
8 8 11 D
8 8 12 I
8 8 13 R
8 8 14 I
14 14
1 9 0 M
1 9 1 Q
1 9 2 H
1 9 3 Q
1 9 4 A
1 9 5 Y
1 9 6 I
1 9 7 N
1 9 8 A
2 9 1 Q
2 9 2 H
2 9 3 Q
2 9 4 A
2 9 5 Y
2 9 6 I
2 9 7 N
2 9 8 A
2 9 9 S
9 9
3 9 2 H
3 9 3 Q
3 9 4 A
3 9 5 Y
3 9 6 I
3 9 7 N
3 9 8 A
3 9 9 S
3 9 10 V
10 10
4 9 3 Q
4 9 4 A
4 9 5 Y
4 9 6 I
4 9 7 N
4 9 8 A
4 9 9 S
4 9 10 V
4 9 11 D
11 11
5 9 4 A
5 9 5 Y
5 9 6 I
5 9 7 N
5 9 8 A
5 9 9 S
5 9 10 V
5 9 11 D
5 9 12 I
6 9 5 Y
6 9 6 I
6 9 7 N
6 9 8 A
6 9 9 S
6 9 10 V
6 9 11 D
6 9 12 I
6 9 13 R
13 13
7 9 6 I
7 9 7 N
7 9 8 A
7 9 9 S
7 9 10 V
7 9 11 D
7 9 12 I
7 9 13 R
7 9 14 I
14 14
1 10 0 M
1 10 1 Q
1 10 2 H
1 10 3 Q
1 10 4 A
1 10 5 Y
1 10 6 I
1 10 7 N
1 10 8 A
1 10 9 S
9 9
2 10 1 Q
2 10 2 H
2 10 3 Q
2 10 4 A
2 10 5 Y
2 10 6 I
2 10 7 N
2 10 8 A
2 10 9 S
2 10 10 V
10 10
3 10 2 H
3 10 3 Q
3 10 4 A
3 10 5 Y
3 10 6 I
3 10 7 N
3 10 8 A
3 10 9 S
3 10 10 V
3 10 11 D
11 11
4 10 3 Q
4 10 4 A
4 10 5 Y
4 10 6 I
4 10 7 N
4 10 8 A
4 10 9 S
4 10 10 V
4 10 11 D
4 10 12 I
5 10 4 A
5 10 5 Y
5 10 6 I
5 10 7 N
5 10 8 A
5 10 9 S
5 10 10 V
5 10 11 D
5 10 12 I
5 10 13 R
13 13
6 10 5 Y
6 10 6 I
6 10 7 N
6 10 8 A
6 10 9 S
6 10 10 V
6 10 11 D
6 10 12 I
6 10 13 R
6 10 14 I
14 14
1 11 0 M
1 11 1 Q
1 11 2 H
1 11 3 Q
1 11 4 A
1 11 5 Y
1 11 6 I
1 11 7 N
1 11 8 A
1 11 9 S
1 11 10 V
10 10
2 11 1 Q
2 11 2 H
2 11 3 Q
2 11 4 A
2 11 5 Y
2 11 6 I
2 11 7 N
2 11 8 A
2 11 9 S
2 11 10 V
2 11 11 D
11 11
3 11 2 H
3 11 3 Q
3 11 4 A
3 11 5 Y
3 11 6 I
3 11 7 N
3 11 8 A
3 11 9 S
3 11 10 V
3 11 11 D
3 11 12 I
4 11 3 Q
4 11 4 A
4 11 5 Y
4 11 6 I
4 11 7 N
4 11 8 A
4 11 9 S
4 11 10 V
4 11 11 D
4 11 12 I
4 11 13 R
13 13
5 11 4 A
5 11 5 Y
5 11 6 I
5 11 7 N
5 11 8 A
5 11 9 S
5 11 10 V
5 11 11 D
5 11 12 I
5 11 13 R
5 11 14 I
14 14
1 12 0 M
1 12 1 Q
1 12 2 H
1 12 3 Q
1 12 4 A
1 12 5 Y
1 12 6 I
1 12 7 N
1 12 8 A
1 12 9 S
1 12 10 V
1 12 11 D
11 11
2 12 1 Q
2 12 2 H
2 12 3 Q
2 12 4 A
2 12 5 Y
2 12 6 I
2 12 7 N
2 12 8 A
2 12 9 S
2 12 10 V
2 12 11 D
2 12 12 I
3 12 2 H
3 12 3 Q
3 12 4 A
3 12 5 Y
3 12 6 I
3 12 7 N
3 12 8 A
3 12 9 S
3 12 10 V
3 12 11 D
3 12 12 I
3 12 13 R
13 13
4 12 3 Q
4 12 4 A
4 12 5 Y
4 12 6 I
4 12 7 N
4 12 8 A
4 12 9 S
4 12 10 V
4 12 11 D
4 12 12 I
4 12 13 R
4 12 14 I
14 14
1 13 0 M
1 13 1 Q
1 13 2 H
1 13 3 Q
1 13 4 A
1 13 5 Y
1 13 6 I
1 13 7 N
1 13 8 A
1 13 9 S
1 13 10 V
1 13 11 D
1 13 12 I
2 13 1 Q
2 13 2 H
2 13 3 Q
2 13 4 A
2 13 5 Y
2 13 6 I
2 13 7 N
2 13 8 A
2 13 9 S
2 13 10 V
2 13 11 D
2 13 12 I
2 13 13 R
13 13
3 13 2 H
3 13 3 Q
3 13 4 A
3 13 5 Y
3 13 6 I
3 13 7 N
3 13 8 A
3 13 9 S
3 13 10 V
3 13 11 D
3 13 12 I
3 13 13 R
3 13 14 I
14 14
1 14 0 M
1 14 1 Q
1 14 2 H
1 14 3 Q
1 14 4 A
1 14 5 Y
1 14 6 I
1 14 7 N
1 14 8 A
1 14 9 S
1 14 10 V
1 14 11 D
1 14 12 I
1 14 13 R
13 13
2 14 1 Q
2 14 2 H
2 14 3 Q
2 14 4 A
2 14 5 Y
2 14 6 I
2 14 7 N
2 14 8 A
2 14 9 S
2 14 10 V
2 14 11 D
2 14 12 I
2 14 13 R
2 14 14 I
14 14
1 15 0 M
1 15 1 Q
1 15 2 H
1 15 3 Q
1 15 4 A
1 15 5 Y
1 15 6 I
1 15 7 N
1 15 8 A
1 15 9 S
1 15 10 V
1 15 11 D
1 15 12 I
1 15 13 R
1 15 14 I
14 14
betaaggr
partition
AGG 0 AMYLO 4803.15 TURN 3.7872 HELIX 0 HELAGG 0 BETA56.4726
