Do you want a prediction per residue?. If yes type Y. Default, N
Type the name of the file with the peptide names, conditions and sequence in one letter code and press Enter
Ficher = A0AB74DZS1
Nterm = N
Cterm = N
pH = 7
temperatura = 298
ionic = 0.1
Stability = 0
Concentration = 1
aminoacido = KQHGLEYEEQKQLTLF
1 peptides run, last one A0AB74DZS1 N N 7.00 298.00 0.10 KQHGLEYEEQKQLTLF
1 6 0 K
1 6 1 Q
1 6 2 H
1 6 3 G
1 6 4 L
1 6 5 E
5 5
2 6 1 Q
2 6 2 H
2 6 3 G
2 6 4 L
2 6 5 E
2 6 6 Y
6 6
3 6 2 H
3 6 3 G
3 6 4 L
3 6 5 E
3 6 6 Y
3 6 7 E
7 7
4 6 3 G
4 6 4 L
4 6 5 E
4 6 6 Y
4 6 7 E
4 6 8 E
8 8
5 6 4 L
5 6 5 E
5 6 6 Y
5 6 7 E
5 6 8 E
5 6 9 Q
9 9
6 6 5 E
6 6 6 Y
6 6 7 E
6 6 8 E
6 6 9 Q
6 6 10 K
10 10
7 6 6 Y
7 6 7 E
7 6 8 E
7 6 9 Q
7 6 10 K
7 6 11 Q
11 11
8 6 7 E
8 6 8 E
8 6 9 Q
8 6 10 K
8 6 11 Q
8 6 12 L
12 12
9 6 8 E
9 6 9 Q
9 6 10 K
9 6 11 Q
9 6 12 L
9 6 13 T
13 13
10 6 9 Q
10 6 10 K
10 6 11 Q
10 6 12 L
10 6 13 T
10 6 14 L
14 14
11 6 10 K
11 6 11 Q
11 6 12 L
11 6 13 T
11 6 14 L
11 6 15 F
15 15
1 7 0 K
1 7 1 Q
1 7 2 H
1 7 3 G
1 7 4 L
1 7 5 E
1 7 6 Y
6 6
2 7 1 Q
2 7 2 H
2 7 3 G
2 7 4 L
2 7 5 E
2 7 6 Y
2 7 7 E
7 7
3 7 2 H
3 7 3 G
3 7 4 L
3 7 5 E
3 7 6 Y
3 7 7 E
3 7 8 E
8 8
4 7 3 G
4 7 4 L
4 7 5 E
4 7 6 Y
4 7 7 E
4 7 8 E
4 7 9 Q
9 9
5 7 4 L
5 7 5 E
5 7 6 Y
5 7 7 E
5 7 8 E
5 7 9 Q
5 7 10 K
10 10
6 7 5 E
6 7 6 Y
6 7 7 E
6 7 8 E
6 7 9 Q
6 7 10 K
6 7 11 Q
11 11
7 7 6 Y
7 7 7 E
7 7 8 E
7 7 9 Q
7 7 10 K
7 7 11 Q
7 7 12 L
12 12
8 7 7 E
8 7 8 E
8 7 9 Q
8 7 10 K
8 7 11 Q
8 7 12 L
8 7 13 T
13 13
9 7 8 E
9 7 9 Q
9 7 10 K
9 7 11 Q
9 7 12 L
9 7 13 T
9 7 14 L
14 14
10 7 9 Q
10 7 10 K
10 7 11 Q
10 7 12 L
10 7 13 T
10 7 14 L
10 7 15 F
15 15
1 8 0 K
1 8 1 Q
1 8 2 H
1 8 3 G
1 8 4 L
1 8 5 E
1 8 6 Y
1 8 7 E
7 7
2 8 1 Q
2 8 2 H
2 8 3 G
2 8 4 L
2 8 5 E
2 8 6 Y
2 8 7 E
2 8 8 E
8 8
3 8 2 H
3 8 3 G
3 8 4 L
3 8 5 E
3 8 6 Y
3 8 7 E
3 8 8 E
3 8 9 Q
9 9
4 8 3 G
4 8 4 L
4 8 5 E
4 8 6 Y
4 8 7 E
4 8 8 E
4 8 9 Q
4 8 10 K
10 10
5 8 4 L
5 8 5 E
5 8 6 Y
5 8 7 E
5 8 8 E
5 8 9 Q
5 8 10 K
5 8 11 Q
11 11
6 8 5 E
6 8 6 Y
6 8 7 E
6 8 8 E
6 8 9 Q
6 8 10 K
6 8 11 Q
6 8 12 L
12 12
7 8 6 Y
7 8 7 E
7 8 8 E
7 8 9 Q
7 8 10 K
7 8 11 Q
7 8 12 L
7 8 13 T
13 13
8 8 7 E
8 8 8 E
8 8 9 Q
8 8 10 K
8 8 11 Q
8 8 12 L
8 8 13 T
8 8 14 L
14 14
9 8 8 E
9 8 9 Q
9 8 10 K
9 8 11 Q
9 8 12 L
9 8 13 T
9 8 14 L
9 8 15 F
15 15
1 9 0 K
1 9 1 Q
1 9 2 H
1 9 3 G
1 9 4 L
1 9 5 E
1 9 6 Y
1 9 7 E
1 9 8 E
8 8
2 9 1 Q
2 9 2 H
2 9 3 G
2 9 4 L
2 9 5 E
2 9 6 Y
2 9 7 E
2 9 8 E
2 9 9 Q
9 9
3 9 2 H
3 9 3 G
3 9 4 L
3 9 5 E
3 9 6 Y
3 9 7 E
3 9 8 E
3 9 9 Q
3 9 10 K
10 10
4 9 3 G
4 9 4 L
4 9 5 E
4 9 6 Y
4 9 7 E
4 9 8 E
4 9 9 Q
4 9 10 K
4 9 11 Q
11 11
5 9 4 L
5 9 5 E
5 9 6 Y
5 9 7 E
5 9 8 E
5 9 9 Q
5 9 10 K
5 9 11 Q
5 9 12 L
12 12
6 9 5 E
6 9 6 Y
6 9 7 E
6 9 8 E
6 9 9 Q
6 9 10 K
6 9 11 Q
6 9 12 L
6 9 13 T
13 13
7 9 6 Y
7 9 7 E
7 9 8 E
7 9 9 Q
7 9 10 K
7 9 11 Q
7 9 12 L
7 9 13 T
7 9 14 L
14 14
8 9 7 E
8 9 8 E
8 9 9 Q
8 9 10 K
8 9 11 Q
8 9 12 L
8 9 13 T
8 9 14 L
8 9 15 F
15 15
1 10 0 K
1 10 1 Q
1 10 2 H
1 10 3 G
1 10 4 L
1 10 5 E
1 10 6 Y
1 10 7 E
1 10 8 E
1 10 9 Q
9 9
2 10 1 Q
2 10 2 H
2 10 3 G
2 10 4 L
2 10 5 E
2 10 6 Y
2 10 7 E
2 10 8 E
2 10 9 Q
2 10 10 K
10 10
3 10 2 H
3 10 3 G
3 10 4 L
3 10 5 E
3 10 6 Y
3 10 7 E
3 10 8 E
3 10 9 Q
3 10 10 K
3 10 11 Q
11 11
4 10 3 G
4 10 4 L
4 10 5 E
4 10 6 Y
4 10 7 E
4 10 8 E
4 10 9 Q
4 10 10 K
4 10 11 Q
4 10 12 L
12 12
5 10 4 L
5 10 5 E
5 10 6 Y
5 10 7 E
5 10 8 E
5 10 9 Q
5 10 10 K
5 10 11 Q
5 10 12 L
5 10 13 T
13 13
6 10 5 E
6 10 6 Y
6 10 7 E
6 10 8 E
6 10 9 Q
6 10 10 K
6 10 11 Q
6 10 12 L
6 10 13 T
6 10 14 L
14 14
7 10 6 Y
7 10 7 E
7 10 8 E
7 10 9 Q
7 10 10 K
7 10 11 Q
7 10 12 L
7 10 13 T
7 10 14 L
7 10 15 F
15 15
1 11 0 K
1 11 1 Q
1 11 2 H
1 11 3 G
1 11 4 L
1 11 5 E
1 11 6 Y
1 11 7 E
1 11 8 E
1 11 9 Q
1 11 10 K
10 10
2 11 1 Q
2 11 2 H
2 11 3 G
2 11 4 L
2 11 5 E
2 11 6 Y
2 11 7 E
2 11 8 E
2 11 9 Q
2 11 10 K
2 11 11 Q
11 11
3 11 2 H
3 11 3 G
3 11 4 L
3 11 5 E
3 11 6 Y
3 11 7 E
3 11 8 E
3 11 9 Q
3 11 10 K
3 11 11 Q
3 11 12 L
12 12
4 11 3 G
4 11 4 L
4 11 5 E
4 11 6 Y
4 11 7 E
4 11 8 E
4 11 9 Q
4 11 10 K
4 11 11 Q
4 11 12 L
4 11 13 T
13 13
5 11 4 L
5 11 5 E
5 11 6 Y
5 11 7 E
5 11 8 E
5 11 9 Q
5 11 10 K
5 11 11 Q
5 11 12 L
5 11 13 T
5 11 14 L
14 14
6 11 5 E
6 11 6 Y
6 11 7 E
6 11 8 E
6 11 9 Q
6 11 10 K
6 11 11 Q
6 11 12 L
6 11 13 T
6 11 14 L
6 11 15 F
15 15
1 12 0 K
1 12 1 Q
1 12 2 H
1 12 3 G
1 12 4 L
1 12 5 E
1 12 6 Y
1 12 7 E
1 12 8 E
1 12 9 Q
1 12 10 K
1 12 11 Q
11 11
2 12 1 Q
2 12 2 H
2 12 3 G
2 12 4 L
2 12 5 E
2 12 6 Y
2 12 7 E
2 12 8 E
2 12 9 Q
2 12 10 K
2 12 11 Q
2 12 12 L
12 12
3 12 2 H
3 12 3 G
3 12 4 L
3 12 5 E
3 12 6 Y
3 12 7 E
3 12 8 E
3 12 9 Q
3 12 10 K
3 12 11 Q
3 12 12 L
3 12 13 T
13 13
4 12 3 G
4 12 4 L
4 12 5 E
4 12 6 Y
4 12 7 E
4 12 8 E
4 12 9 Q
4 12 10 K
4 12 11 Q
4 12 12 L
4 12 13 T
4 12 14 L
14 14
5 12 4 L
5 12 5 E
5 12 6 Y
5 12 7 E
5 12 8 E
5 12 9 Q
5 12 10 K
5 12 11 Q
5 12 12 L
5 12 13 T
5 12 14 L
5 12 15 F
15 15
1 13 0 K
1 13 1 Q
1 13 2 H
1 13 3 G
1 13 4 L
1 13 5 E
1 13 6 Y
1 13 7 E
1 13 8 E
1 13 9 Q
1 13 10 K
1 13 11 Q
1 13 12 L
12 12
2 13 1 Q
2 13 2 H
2 13 3 G
2 13 4 L
2 13 5 E
2 13 6 Y
2 13 7 E
2 13 8 E
2 13 9 Q
2 13 10 K
2 13 11 Q
2 13 12 L
2 13 13 T
13 13
3 13 2 H
3 13 3 G
3 13 4 L
3 13 5 E
3 13 6 Y
3 13 7 E
3 13 8 E
3 13 9 Q
3 13 10 K
3 13 11 Q
3 13 12 L
3 13 13 T
3 13 14 L
14 14
4 13 3 G
4 13 4 L
4 13 5 E
4 13 6 Y
4 13 7 E
4 13 8 E
4 13 9 Q
4 13 10 K
4 13 11 Q
4 13 12 L
4 13 13 T
4 13 14 L
4 13 15 F
15 15
1 14 0 K
1 14 1 Q
1 14 2 H
1 14 3 G
1 14 4 L
1 14 5 E
1 14 6 Y
1 14 7 E
1 14 8 E
1 14 9 Q
1 14 10 K
1 14 11 Q
1 14 12 L
1 14 13 T
13 13
2 14 1 Q
2 14 2 H
2 14 3 G
2 14 4 L
2 14 5 E
2 14 6 Y
2 14 7 E
2 14 8 E
2 14 9 Q
2 14 10 K
2 14 11 Q
2 14 12 L
2 14 13 T
2 14 14 L
14 14
3 14 2 H
3 14 3 G
3 14 4 L
3 14 5 E
3 14 6 Y
3 14 7 E
3 14 8 E
3 14 9 Q
3 14 10 K
3 14 11 Q
3 14 12 L
3 14 13 T
3 14 14 L
3 14 15 F
15 15
1 15 0 K
1 15 1 Q
1 15 2 H
1 15 3 G
1 15 4 L
1 15 5 E
1 15 6 Y
1 15 7 E
1 15 8 E
1 15 9 Q
1 15 10 K
1 15 11 Q
1 15 12 L
1 15 13 T
1 15 14 L
14 14
2 15 1 Q
2 15 2 H
2 15 3 G
2 15 4 L
2 15 5 E
2 15 6 Y
2 15 7 E
2 15 8 E
2 15 9 Q
2 15 10 K
2 15 11 Q
2 15 12 L
2 15 13 T
2 15 14 L
2 15 15 F
15 15
1 16 0 K
1 16 1 Q
1 16 2 H
1 16 3 G
1 16 4 L
1 16 5 E
1 16 6 Y
1 16 7 E
1 16 8 E
1 16 9 Q
1 16 10 K
1 16 11 Q
1 16 12 L
1 16 13 T
1 16 14 L
1 16 15 F
15 15
betaaggr
partition
AGG 0 AMYLO 3.15454 TURN 2.15669 HELIX 1.14295 HELAGG 0 BETA23.8243
