Do you want a prediction per residue?. If yes type Y. Default, N
Type the name of the file with the peptide names, conditions and sequence in one letter code and press Enter
Ficher = A7TWC6
Nterm = N
Cterm = N
pH = 7
temperatura = 298
ionic = 0.1
Stability = 0
Concentration = 1
aminoacido = MQLTAEELKLLKSIAK
1 peptides run, last one A7TWC6 N N 7.00 298.00 0.10 MQLTAEELKLLKSIAK
1 6 0 M
1 6 1 Q
1 6 2 L
1 6 3 T
1 6 4 A
1 6 5 E
5 5
2 6 1 Q
2 6 2 L
2 6 3 T
2 6 4 A
2 6 5 E
2 6 6 E
6 6
3 6 2 L
3 6 3 T
3 6 4 A
3 6 5 E
3 6 6 E
3 6 7 L
7 7
4 6 3 T
4 6 4 A
4 6 5 E
4 6 6 E
4 6 7 L
4 6 8 K
5 6 4 A
5 6 5 E
5 6 6 E
5 6 7 L
5 6 8 K
5 6 9 L
9 9
6 6 5 E
6 6 6 E
6 6 7 L
6 6 8 K
6 6 9 L
6 6 10 L
10 10
7 6 6 E
7 6 7 L
7 6 8 K
7 6 9 L
7 6 10 L
7 6 11 K
11 11
8 6 7 L
8 6 8 K
8 6 9 L
8 6 10 L
8 6 11 K
8 6 12 S
12 12
9 6 8 K
9 6 9 L
9 6 10 L
9 6 11 K
9 6 12 S
9 6 13 I
13 13
10 6 9 L
10 6 10 L
10 6 11 K
10 6 12 S
10 6 13 I
10 6 14 A
11 6 10 L
11 6 11 K
11 6 12 S
11 6 13 I
11 6 14 A
11 6 15 K
15 15
1 7 0 M
1 7 1 Q
1 7 2 L
1 7 3 T
1 7 4 A
1 7 5 E
1 7 6 E
6 6
2 7 1 Q
2 7 2 L
2 7 3 T
2 7 4 A
2 7 5 E
2 7 6 E
2 7 7 L
7 7
3 7 2 L
3 7 3 T
3 7 4 A
3 7 5 E
3 7 6 E
3 7 7 L
3 7 8 K
4 7 3 T
4 7 4 A
4 7 5 E
4 7 6 E
4 7 7 L
4 7 8 K
4 7 9 L
9 9
5 7 4 A
5 7 5 E
5 7 6 E
5 7 7 L
5 7 8 K
5 7 9 L
5 7 10 L
10 10
6 7 5 E
6 7 6 E
6 7 7 L
6 7 8 K
6 7 9 L
6 7 10 L
6 7 11 K
11 11
7 7 6 E
7 7 7 L
7 7 8 K
7 7 9 L
7 7 10 L
7 7 11 K
7 7 12 S
12 12
8 7 7 L
8 7 8 K
8 7 9 L
8 7 10 L
8 7 11 K
8 7 12 S
8 7 13 I
13 13
9 7 8 K
9 7 9 L
9 7 10 L
9 7 11 K
9 7 12 S
9 7 13 I
9 7 14 A
10 7 9 L
10 7 10 L
10 7 11 K
10 7 12 S
10 7 13 I
10 7 14 A
10 7 15 K
15 15
1 8 0 M
1 8 1 Q
1 8 2 L
1 8 3 T
1 8 4 A
1 8 5 E
1 8 6 E
1 8 7 L
7 7
2 8 1 Q
2 8 2 L
2 8 3 T
2 8 4 A
2 8 5 E
2 8 6 E
2 8 7 L
2 8 8 K
3 8 2 L
3 8 3 T
3 8 4 A
3 8 5 E
3 8 6 E
3 8 7 L
3 8 8 K
3 8 9 L
9 9
4 8 3 T
4 8 4 A
4 8 5 E
4 8 6 E
4 8 7 L
4 8 8 K
4 8 9 L
4 8 10 L
10 10
5 8 4 A
5 8 5 E
5 8 6 E
5 8 7 L
5 8 8 K
5 8 9 L
5 8 10 L
5 8 11 K
11 11
6 8 5 E
6 8 6 E
6 8 7 L
6 8 8 K
6 8 9 L
6 8 10 L
6 8 11 K
6 8 12 S
12 12
7 8 6 E
7 8 7 L
7 8 8 K
7 8 9 L
7 8 10 L
7 8 11 K
7 8 12 S
7 8 13 I
13 13
8 8 7 L
8 8 8 K
8 8 9 L
8 8 10 L
8 8 11 K
8 8 12 S
8 8 13 I
8 8 14 A
9 8 8 K
9 8 9 L
9 8 10 L
9 8 11 K
9 8 12 S
9 8 13 I
9 8 14 A
9 8 15 K
15 15
1 9 0 M
1 9 1 Q
1 9 2 L
1 9 3 T
1 9 4 A
1 9 5 E
1 9 6 E
1 9 7 L
1 9 8 K
2 9 1 Q
2 9 2 L
2 9 3 T
2 9 4 A
2 9 5 E
2 9 6 E
2 9 7 L
2 9 8 K
2 9 9 L
9 9
3 9 2 L
3 9 3 T
3 9 4 A
3 9 5 E
3 9 6 E
3 9 7 L
3 9 8 K
3 9 9 L
3 9 10 L
10 10
4 9 3 T
4 9 4 A
4 9 5 E
4 9 6 E
4 9 7 L
4 9 8 K
4 9 9 L
4 9 10 L
4 9 11 K
11 11
5 9 4 A
5 9 5 E
5 9 6 E
5 9 7 L
5 9 8 K
5 9 9 L
5 9 10 L
5 9 11 K
5 9 12 S
12 12
6 9 5 E
6 9 6 E
6 9 7 L
6 9 8 K
6 9 9 L
6 9 10 L
6 9 11 K
6 9 12 S
6 9 13 I
13 13
7 9 6 E
7 9 7 L
7 9 8 K
7 9 9 L
7 9 10 L
7 9 11 K
7 9 12 S
7 9 13 I
7 9 14 A
8 9 7 L
8 9 8 K
8 9 9 L
8 9 10 L
8 9 11 K
8 9 12 S
8 9 13 I
8 9 14 A
8 9 15 K
15 15
1 10 0 M
1 10 1 Q
1 10 2 L
1 10 3 T
1 10 4 A
1 10 5 E
1 10 6 E
1 10 7 L
1 10 8 K
1 10 9 L
9 9
2 10 1 Q
2 10 2 L
2 10 3 T
2 10 4 A
2 10 5 E
2 10 6 E
2 10 7 L
2 10 8 K
2 10 9 L
2 10 10 L
10 10
3 10 2 L
3 10 3 T
3 10 4 A
3 10 5 E
3 10 6 E
3 10 7 L
3 10 8 K
3 10 9 L
3 10 10 L
3 10 11 K
11 11
4 10 3 T
4 10 4 A
4 10 5 E
4 10 6 E
4 10 7 L
4 10 8 K
4 10 9 L
4 10 10 L
4 10 11 K
4 10 12 S
12 12
5 10 4 A
5 10 5 E
5 10 6 E
5 10 7 L
5 10 8 K
5 10 9 L
5 10 10 L
5 10 11 K
5 10 12 S
5 10 13 I
13 13
6 10 5 E
6 10 6 E
6 10 7 L
6 10 8 K
6 10 9 L
6 10 10 L
6 10 11 K
6 10 12 S
6 10 13 I
6 10 14 A
7 10 6 E
7 10 7 L
7 10 8 K
7 10 9 L
7 10 10 L
7 10 11 K
7 10 12 S
7 10 13 I
7 10 14 A
7 10 15 K
15 15
1 11 0 M
1 11 1 Q
1 11 2 L
1 11 3 T
1 11 4 A
1 11 5 E
1 11 6 E
1 11 7 L
1 11 8 K
1 11 9 L
1 11 10 L
10 10
2 11 1 Q
2 11 2 L
2 11 3 T
2 11 4 A
2 11 5 E
2 11 6 E
2 11 7 L
2 11 8 K
2 11 9 L
2 11 10 L
2 11 11 K
11 11
3 11 2 L
3 11 3 T
3 11 4 A
3 11 5 E
3 11 6 E
3 11 7 L
3 11 8 K
3 11 9 L
3 11 10 L
3 11 11 K
3 11 12 S
12 12
4 11 3 T
4 11 4 A
4 11 5 E
4 11 6 E
4 11 7 L
4 11 8 K
4 11 9 L
4 11 10 L
4 11 11 K
4 11 12 S
4 11 13 I
13 13
5 11 4 A
5 11 5 E
5 11 6 E
5 11 7 L
5 11 8 K
5 11 9 L
5 11 10 L
5 11 11 K
5 11 12 S
5 11 13 I
5 11 14 A
6 11 5 E
6 11 6 E
6 11 7 L
6 11 8 K
6 11 9 L
6 11 10 L
6 11 11 K
6 11 12 S
6 11 13 I
6 11 14 A
6 11 15 K
15 15
1 12 0 M
1 12 1 Q
1 12 2 L
1 12 3 T
1 12 4 A
1 12 5 E
1 12 6 E
1 12 7 L
1 12 8 K
1 12 9 L
1 12 10 L
1 12 11 K
11 11
2 12 1 Q
2 12 2 L
2 12 3 T
2 12 4 A
2 12 5 E
2 12 6 E
2 12 7 L
2 12 8 K
2 12 9 L
2 12 10 L
2 12 11 K
2 12 12 S
12 12
3 12 2 L
3 12 3 T
3 12 4 A
3 12 5 E
3 12 6 E
3 12 7 L
3 12 8 K
3 12 9 L
3 12 10 L
3 12 11 K
3 12 12 S
3 12 13 I
13 13
4 12 3 T
4 12 4 A
4 12 5 E
4 12 6 E
4 12 7 L
4 12 8 K
4 12 9 L
4 12 10 L
4 12 11 K
4 12 12 S
4 12 13 I
4 12 14 A
5 12 4 A
5 12 5 E
5 12 6 E
5 12 7 L
5 12 8 K
5 12 9 L
5 12 10 L
5 12 11 K
5 12 12 S
5 12 13 I
5 12 14 A
5 12 15 K
15 15
1 13 0 M
1 13 1 Q
1 13 2 L
1 13 3 T
1 13 4 A
1 13 5 E
1 13 6 E
1 13 7 L
1 13 8 K
1 13 9 L
1 13 10 L
1 13 11 K
1 13 12 S
12 12
2 13 1 Q
2 13 2 L
2 13 3 T
2 13 4 A
2 13 5 E
2 13 6 E
2 13 7 L
2 13 8 K
2 13 9 L
2 13 10 L
2 13 11 K
2 13 12 S
2 13 13 I
13 13
3 13 2 L
3 13 3 T
3 13 4 A
3 13 5 E
3 13 6 E
3 13 7 L
3 13 8 K
3 13 9 L
3 13 10 L
3 13 11 K
3 13 12 S
3 13 13 I
3 13 14 A
4 13 3 T
4 13 4 A
4 13 5 E
4 13 6 E
4 13 7 L
4 13 8 K
4 13 9 L
4 13 10 L
4 13 11 K
4 13 12 S
4 13 13 I
4 13 14 A
4 13 15 K
15 15
1 14 0 M
1 14 1 Q
1 14 2 L
1 14 3 T
1 14 4 A
1 14 5 E
1 14 6 E
1 14 7 L
1 14 8 K
1 14 9 L
1 14 10 L
1 14 11 K
1 14 12 S
1 14 13 I
13 13
2 14 1 Q
2 14 2 L
2 14 3 T
2 14 4 A
2 14 5 E
2 14 6 E
2 14 7 L
2 14 8 K
2 14 9 L
2 14 10 L
2 14 11 K
2 14 12 S
2 14 13 I
2 14 14 A
3 14 2 L
3 14 3 T
3 14 4 A
3 14 5 E
3 14 6 E
3 14 7 L
3 14 8 K
3 14 9 L
3 14 10 L
3 14 11 K
3 14 12 S
3 14 13 I
3 14 14 A
3 14 15 K
15 15
1 15 0 M
1 15 1 Q
1 15 2 L
1 15 3 T
1 15 4 A
1 15 5 E
1 15 6 E
1 15 7 L
1 15 8 K
1 15 9 L
1 15 10 L
1 15 11 K
1 15 12 S
1 15 13 I
1 15 14 A
2 15 1 Q
2 15 2 L
2 15 3 T
2 15 4 A
2 15 5 E
2 15 6 E
2 15 7 L
2 15 8 K
2 15 9 L
2 15 10 L
2 15 11 K
2 15 12 S
2 15 13 I
2 15 14 A
2 15 15 K
15 15
1 16 0 M
1 16 1 Q
1 16 2 L
1 16 3 T
1 16 4 A
1 16 5 E
1 16 6 E
1 16 7 L
1 16 8 K
1 16 9 L
1 16 10 L
1 16 11 K
1 16 12 S
1 16 13 I
1 16 14 A
1 16 15 K
15 15
betaaggr
partition
AGG 0 AMYLO 0.0933737 TURN 0.570719 HELIX 361.428 HELAGG 0 BETA15.3648
