Do you want a prediction per residue?. If yes type Y. Default, N
Type the name of the file with the peptide names, conditions and sequence in one letter code and press Enter
Ficher = C0HL61
Nterm = N
Cterm = N
pH = 7
temperatura = 298
ionic = 0.1
Stability = 0
Concentration = 1
aminoacido = MPTTSHSFHLSPQGK
1 peptides run, last one C0HL61 N N 7.00 298.00 0.10 MPTTSHSFHLSPQGK
1 6 0 M
1 6 1 P
1 6 2 T
1 6 3 T
1 6 4 S
1 6 5 H
5 5
2 6 1 P
2 6 2 T
2 6 3 T
2 6 4 S
2 6 5 H
2 6 6 S
6 6
3 6 2 T
3 6 3 T
3 6 4 S
3 6 5 H
3 6 6 S
3 6 7 F
7 7
4 6 3 T
4 6 4 S
4 6 5 H
4 6 6 S
4 6 7 F
4 6 8 H
8 8
5 6 4 S
5 6 5 H
5 6 6 S
5 6 7 F
5 6 8 H
5 6 9 L
9 9
6 6 5 H
6 6 6 S
6 6 7 F
6 6 8 H
6 6 9 L
6 6 10 S
10 10
7 6 6 S
7 6 7 F
7 6 8 H
7 6 9 L
7 6 10 S
7 6 11 P
11 11
8 6 7 F
8 6 8 H
8 6 9 L
8 6 10 S
8 6 11 P
8 6 12 Q
12 12
9 6 8 H
9 6 9 L
9 6 10 S
9 6 11 P
9 6 12 Q
9 6 13 G
13 13
10 6 9 L
10 6 10 S
10 6 11 P
10 6 12 Q
10 6 13 G
10 6 14 K
14 14
1 7 0 M
1 7 1 P
1 7 2 T
1 7 3 T
1 7 4 S
1 7 5 H
1 7 6 S
6 6
2 7 1 P
2 7 2 T
2 7 3 T
2 7 4 S
2 7 5 H
2 7 6 S
2 7 7 F
7 7
3 7 2 T
3 7 3 T
3 7 4 S
3 7 5 H
3 7 6 S
3 7 7 F
3 7 8 H
8 8
4 7 3 T
4 7 4 S
4 7 5 H
4 7 6 S
4 7 7 F
4 7 8 H
4 7 9 L
9 9
5 7 4 S
5 7 5 H
5 7 6 S
5 7 7 F
5 7 8 H
5 7 9 L
5 7 10 S
10 10
6 7 5 H
6 7 6 S
6 7 7 F
6 7 8 H
6 7 9 L
6 7 10 S
6 7 11 P
11 11
7 7 6 S
7 7 7 F
7 7 8 H
7 7 9 L
7 7 10 S
7 7 11 P
7 7 12 Q
12 12
8 7 7 F
8 7 8 H
8 7 9 L
8 7 10 S
8 7 11 P
8 7 12 Q
8 7 13 G
13 13
9 7 8 H
9 7 9 L
9 7 10 S
9 7 11 P
9 7 12 Q
9 7 13 G
9 7 14 K
14 14
1 8 0 M
1 8 1 P
1 8 2 T
1 8 3 T
1 8 4 S
1 8 5 H
1 8 6 S
1 8 7 F
7 7
2 8 1 P
2 8 2 T
2 8 3 T
2 8 4 S
2 8 5 H
2 8 6 S
2 8 7 F
2 8 8 H
8 8
3 8 2 T
3 8 3 T
3 8 4 S
3 8 5 H
3 8 6 S
3 8 7 F
3 8 8 H
3 8 9 L
9 9
4 8 3 T
4 8 4 S
4 8 5 H
4 8 6 S
4 8 7 F
4 8 8 H
4 8 9 L
4 8 10 S
10 10
5 8 4 S
5 8 5 H
5 8 6 S
5 8 7 F
5 8 8 H
5 8 9 L
5 8 10 S
5 8 11 P
11 11
6 8 5 H
6 8 6 S
6 8 7 F
6 8 8 H
6 8 9 L
6 8 10 S
6 8 11 P
6 8 12 Q
12 12
7 8 6 S
7 8 7 F
7 8 8 H
7 8 9 L
7 8 10 S
7 8 11 P
7 8 12 Q
7 8 13 G
13 13
8 8 7 F
8 8 8 H
8 8 9 L
8 8 10 S
8 8 11 P
8 8 12 Q
8 8 13 G
8 8 14 K
14 14
1 9 0 M
1 9 1 P
1 9 2 T
1 9 3 T
1 9 4 S
1 9 5 H
1 9 6 S
1 9 7 F
1 9 8 H
8 8
2 9 1 P
2 9 2 T
2 9 3 T
2 9 4 S
2 9 5 H
2 9 6 S
2 9 7 F
2 9 8 H
2 9 9 L
9 9
3 9 2 T
3 9 3 T
3 9 4 S
3 9 5 H
3 9 6 S
3 9 7 F
3 9 8 H
3 9 9 L
3 9 10 S
10 10
4 9 3 T
4 9 4 S
4 9 5 H
4 9 6 S
4 9 7 F
4 9 8 H
4 9 9 L
4 9 10 S
4 9 11 P
11 11
5 9 4 S
5 9 5 H
5 9 6 S
5 9 7 F
5 9 8 H
5 9 9 L
5 9 10 S
5 9 11 P
5 9 12 Q
12 12
6 9 5 H
6 9 6 S
6 9 7 F
6 9 8 H
6 9 9 L
6 9 10 S
6 9 11 P
6 9 12 Q
6 9 13 G
13 13
7 9 6 S
7 9 7 F
7 9 8 H
7 9 9 L
7 9 10 S
7 9 11 P
7 9 12 Q
7 9 13 G
7 9 14 K
14 14
1 10 0 M
1 10 1 P
1 10 2 T
1 10 3 T
1 10 4 S
1 10 5 H
1 10 6 S
1 10 7 F
1 10 8 H
1 10 9 L
9 9
2 10 1 P
2 10 2 T
2 10 3 T
2 10 4 S
2 10 5 H
2 10 6 S
2 10 7 F
2 10 8 H
2 10 9 L
2 10 10 S
10 10
3 10 2 T
3 10 3 T
3 10 4 S
3 10 5 H
3 10 6 S
3 10 7 F
3 10 8 H
3 10 9 L
3 10 10 S
3 10 11 P
11 11
4 10 3 T
4 10 4 S
4 10 5 H
4 10 6 S
4 10 7 F
4 10 8 H
4 10 9 L
4 10 10 S
4 10 11 P
4 10 12 Q
12 12
5 10 4 S
5 10 5 H
5 10 6 S
5 10 7 F
5 10 8 H
5 10 9 L
5 10 10 S
5 10 11 P
5 10 12 Q
5 10 13 G
13 13
6 10 5 H
6 10 6 S
6 10 7 F
6 10 8 H
6 10 9 L
6 10 10 S
6 10 11 P
6 10 12 Q
6 10 13 G
6 10 14 K
14 14
1 11 0 M
1 11 1 P
1 11 2 T
1 11 3 T
1 11 4 S
1 11 5 H
1 11 6 S
1 11 7 F
1 11 8 H
1 11 9 L
1 11 10 S
10 10
2 11 1 P
2 11 2 T
2 11 3 T
2 11 4 S
2 11 5 H
2 11 6 S
2 11 7 F
2 11 8 H
2 11 9 L
2 11 10 S
2 11 11 P
11 11
3 11 2 T
3 11 3 T
3 11 4 S
3 11 5 H
3 11 6 S
3 11 7 F
3 11 8 H
3 11 9 L
3 11 10 S
3 11 11 P
3 11 12 Q
12 12
4 11 3 T
4 11 4 S
4 11 5 H
4 11 6 S
4 11 7 F
4 11 8 H
4 11 9 L
4 11 10 S
4 11 11 P
4 11 12 Q
4 11 13 G
13 13
5 11 4 S
5 11 5 H
5 11 6 S
5 11 7 F
5 11 8 H
5 11 9 L
5 11 10 S
5 11 11 P
5 11 12 Q
5 11 13 G
5 11 14 K
14 14
1 12 0 M
1 12 1 P
1 12 2 T
1 12 3 T
1 12 4 S
1 12 5 H
1 12 6 S
1 12 7 F
1 12 8 H
1 12 9 L
1 12 10 S
1 12 11 P
11 11
2 12 1 P
2 12 2 T
2 12 3 T
2 12 4 S
2 12 5 H
2 12 6 S
2 12 7 F
2 12 8 H
2 12 9 L
2 12 10 S
2 12 11 P
2 12 12 Q
12 12
3 12 2 T
3 12 3 T
3 12 4 S
3 12 5 H
3 12 6 S
3 12 7 F
3 12 8 H
3 12 9 L
3 12 10 S
3 12 11 P
3 12 12 Q
3 12 13 G
13 13
4 12 3 T
4 12 4 S
4 12 5 H
4 12 6 S
4 12 7 F
4 12 8 H
4 12 9 L
4 12 10 S
4 12 11 P
4 12 12 Q
4 12 13 G
4 12 14 K
14 14
1 13 0 M
1 13 1 P
1 13 2 T
1 13 3 T
1 13 4 S
1 13 5 H
1 13 6 S
1 13 7 F
1 13 8 H
1 13 9 L
1 13 10 S
1 13 11 P
1 13 12 Q
12 12
2 13 1 P
2 13 2 T
2 13 3 T
2 13 4 S
2 13 5 H
2 13 6 S
2 13 7 F
2 13 8 H
2 13 9 L
2 13 10 S
2 13 11 P
2 13 12 Q
2 13 13 G
13 13
3 13 2 T
3 13 3 T
3 13 4 S
3 13 5 H
3 13 6 S
3 13 7 F
3 13 8 H
3 13 9 L
3 13 10 S
3 13 11 P
3 13 12 Q
3 13 13 G
3 13 14 K
14 14
1 14 0 M
1 14 1 P
1 14 2 T
1 14 3 T
1 14 4 S
1 14 5 H
1 14 6 S
1 14 7 F
1 14 8 H
1 14 9 L
1 14 10 S
1 14 11 P
1 14 12 Q
1 14 13 G
13 13
2 14 1 P
2 14 2 T
2 14 3 T
2 14 4 S
2 14 5 H
2 14 6 S
2 14 7 F
2 14 8 H
2 14 9 L
2 14 10 S
2 14 11 P
2 14 12 Q
2 14 13 G
2 14 14 K
14 14
1 15 0 M
1 15 1 P
1 15 2 T
1 15 3 T
1 15 4 S
1 15 5 H
1 15 6 S
1 15 7 F
1 15 8 H
1 15 9 L
1 15 10 S
1 15 11 P
1 15 12 Q
1 15 13 G
1 15 14 K
14 14
betaaggr
partition
AGG 0 AMYLO 0.00162397 TURN 8.79751 HELIX 0 HELAGG 0 BETA29.8534
