Do you want a prediction per residue?. If yes type Y. Default, N
Type the name of the file with the peptide names, conditions and sequence in one letter code and press Enter
Ficher = C3W7H3
Nterm = N
Cterm = N
pH = 7
temperatura = 298
ionic = 0.1
Stability = 0
Concentration = 1
aminoacido = IYGFSPCHEISIMLAS
1 peptides run, last one C3W7H3 N N 7.00 298.00 0.10 IYGFSPCHEISIMLAS
1 6 0 I
1 6 1 Y
1 6 2 G
1 6 3 F
1 6 4 S
1 6 5 P
5 5
2 6 1 Y
2 6 2 G
2 6 3 F
2 6 4 S
2 6 5 P
2 6 6 C
6 6
3 6 2 G
3 6 3 F
3 6 4 S
3 6 5 P
3 6 6 C
3 6 7 H
7 7
4 6 3 F
4 6 4 S
4 6 5 P
4 6 6 C
4 6 7 H
4 6 8 E
8 8
5 6 4 S
5 6 5 P
5 6 6 C
5 6 7 H
5 6 8 E
5 6 9 I
9 9
6 6 5 P
6 6 6 C
6 6 7 H
6 6 8 E
6 6 9 I
6 6 10 S
10 10
7 6 6 C
7 6 7 H
7 6 8 E
7 6 9 I
7 6 10 S
7 6 11 I
11 11
8 6 7 H
8 6 8 E
8 6 9 I
8 6 10 S
8 6 11 I
8 6 12 M
12 12
9 6 8 E
9 6 9 I
9 6 10 S
9 6 11 I
9 6 12 M
9 6 13 L
13 13
10 6 9 I
10 6 10 S
10 6 11 I
10 6 12 M
10 6 13 L
10 6 14 A
11 6 10 S
11 6 11 I
11 6 12 M
11 6 13 L
11 6 14 A
11 6 15 S
15 15
1 7 0 I
1 7 1 Y
1 7 2 G
1 7 3 F
1 7 4 S
1 7 5 P
1 7 6 C
6 6
2 7 1 Y
2 7 2 G
2 7 3 F
2 7 4 S
2 7 5 P
2 7 6 C
2 7 7 H
7 7
3 7 2 G
3 7 3 F
3 7 4 S
3 7 5 P
3 7 6 C
3 7 7 H
3 7 8 E
8 8
4 7 3 F
4 7 4 S
4 7 5 P
4 7 6 C
4 7 7 H
4 7 8 E
4 7 9 I
9 9
5 7 4 S
5 7 5 P
5 7 6 C
5 7 7 H
5 7 8 E
5 7 9 I
5 7 10 S
10 10
6 7 5 P
6 7 6 C
6 7 7 H
6 7 8 E
6 7 9 I
6 7 10 S
6 7 11 I
11 11
7 7 6 C
7 7 7 H
7 7 8 E
7 7 9 I
7 7 10 S
7 7 11 I
7 7 12 M
12 12
8 7 7 H
8 7 8 E
8 7 9 I
8 7 10 S
8 7 11 I
8 7 12 M
8 7 13 L
13 13
9 7 8 E
9 7 9 I
9 7 10 S
9 7 11 I
9 7 12 M
9 7 13 L
9 7 14 A
10 7 9 I
10 7 10 S
10 7 11 I
10 7 12 M
10 7 13 L
10 7 14 A
10 7 15 S
15 15
1 8 0 I
1 8 1 Y
1 8 2 G
1 8 3 F
1 8 4 S
1 8 5 P
1 8 6 C
1 8 7 H
7 7
2 8 1 Y
2 8 2 G
2 8 3 F
2 8 4 S
2 8 5 P
2 8 6 C
2 8 7 H
2 8 8 E
8 8
3 8 2 G
3 8 3 F
3 8 4 S
3 8 5 P
3 8 6 C
3 8 7 H
3 8 8 E
3 8 9 I
9 9
4 8 3 F
4 8 4 S
4 8 5 P
4 8 6 C
4 8 7 H
4 8 8 E
4 8 9 I
4 8 10 S
10 10
5 8 4 S
5 8 5 P
5 8 6 C
5 8 7 H
5 8 8 E
5 8 9 I
5 8 10 S
5 8 11 I
11 11
6 8 5 P
6 8 6 C
6 8 7 H
6 8 8 E
6 8 9 I
6 8 10 S
6 8 11 I
6 8 12 M
12 12
7 8 6 C
7 8 7 H
7 8 8 E
7 8 9 I
7 8 10 S
7 8 11 I
7 8 12 M
7 8 13 L
13 13
8 8 7 H
8 8 8 E
8 8 9 I
8 8 10 S
8 8 11 I
8 8 12 M
8 8 13 L
8 8 14 A
9 8 8 E
9 8 9 I
9 8 10 S
9 8 11 I
9 8 12 M
9 8 13 L
9 8 14 A
9 8 15 S
15 15
1 9 0 I
1 9 1 Y
1 9 2 G
1 9 3 F
1 9 4 S
1 9 5 P
1 9 6 C
1 9 7 H
1 9 8 E
8 8
2 9 1 Y
2 9 2 G
2 9 3 F
2 9 4 S
2 9 5 P
2 9 6 C
2 9 7 H
2 9 8 E
2 9 9 I
9 9
3 9 2 G
3 9 3 F
3 9 4 S
3 9 5 P
3 9 6 C
3 9 7 H
3 9 8 E
3 9 9 I
3 9 10 S
10 10
4 9 3 F
4 9 4 S
4 9 5 P
4 9 6 C
4 9 7 H
4 9 8 E
4 9 9 I
4 9 10 S
4 9 11 I
11 11
5 9 4 S
5 9 5 P
5 9 6 C
5 9 7 H
5 9 8 E
5 9 9 I
5 9 10 S
5 9 11 I
5 9 12 M
12 12
6 9 5 P
6 9 6 C
6 9 7 H
6 9 8 E
6 9 9 I
6 9 10 S
6 9 11 I
6 9 12 M
6 9 13 L
13 13
7 9 6 C
7 9 7 H
7 9 8 E
7 9 9 I
7 9 10 S
7 9 11 I
7 9 12 M
7 9 13 L
7 9 14 A
8 9 7 H
8 9 8 E
8 9 9 I
8 9 10 S
8 9 11 I
8 9 12 M
8 9 13 L
8 9 14 A
8 9 15 S
15 15
1 10 0 I
1 10 1 Y
1 10 2 G
1 10 3 F
1 10 4 S
1 10 5 P
1 10 6 C
1 10 7 H
1 10 8 E
1 10 9 I
9 9
2 10 1 Y
2 10 2 G
2 10 3 F
2 10 4 S
2 10 5 P
2 10 6 C
2 10 7 H
2 10 8 E
2 10 9 I
2 10 10 S
10 10
3 10 2 G
3 10 3 F
3 10 4 S
3 10 5 P
3 10 6 C
3 10 7 H
3 10 8 E
3 10 9 I
3 10 10 S
3 10 11 I
11 11
4 10 3 F
4 10 4 S
4 10 5 P
4 10 6 C
4 10 7 H
4 10 8 E
4 10 9 I
4 10 10 S
4 10 11 I
4 10 12 M
12 12
5 10 4 S
5 10 5 P
5 10 6 C
5 10 7 H
5 10 8 E
5 10 9 I
5 10 10 S
5 10 11 I
5 10 12 M
5 10 13 L
13 13
6 10 5 P
6 10 6 C
6 10 7 H
6 10 8 E
6 10 9 I
6 10 10 S
6 10 11 I
6 10 12 M
6 10 13 L
6 10 14 A
7 10 6 C
7 10 7 H
7 10 8 E
7 10 9 I
7 10 10 S
7 10 11 I
7 10 12 M
7 10 13 L
7 10 14 A
7 10 15 S
15 15
1 11 0 I
1 11 1 Y
1 11 2 G
1 11 3 F
1 11 4 S
1 11 5 P
1 11 6 C
1 11 7 H
1 11 8 E
1 11 9 I
1 11 10 S
10 10
2 11 1 Y
2 11 2 G
2 11 3 F
2 11 4 S
2 11 5 P
2 11 6 C
2 11 7 H
2 11 8 E
2 11 9 I
2 11 10 S
2 11 11 I
11 11
3 11 2 G
3 11 3 F
3 11 4 S
3 11 5 P
3 11 6 C
3 11 7 H
3 11 8 E
3 11 9 I
3 11 10 S
3 11 11 I
3 11 12 M
12 12
4 11 3 F
4 11 4 S
4 11 5 P
4 11 6 C
4 11 7 H
4 11 8 E
4 11 9 I
4 11 10 S
4 11 11 I
4 11 12 M
4 11 13 L
13 13
5 11 4 S
5 11 5 P
5 11 6 C
5 11 7 H
5 11 8 E
5 11 9 I
5 11 10 S
5 11 11 I
5 11 12 M
5 11 13 L
5 11 14 A
6 11 5 P
6 11 6 C
6 11 7 H
6 11 8 E
6 11 9 I
6 11 10 S
6 11 11 I
6 11 12 M
6 11 13 L
6 11 14 A
6 11 15 S
15 15
1 12 0 I
1 12 1 Y
1 12 2 G
1 12 3 F
1 12 4 S
1 12 5 P
1 12 6 C
1 12 7 H
1 12 8 E
1 12 9 I
1 12 10 S
1 12 11 I
11 11
2 12 1 Y
2 12 2 G
2 12 3 F
2 12 4 S
2 12 5 P
2 12 6 C
2 12 7 H
2 12 8 E
2 12 9 I
2 12 10 S
2 12 11 I
2 12 12 M
12 12
3 12 2 G
3 12 3 F
3 12 4 S
3 12 5 P
3 12 6 C
3 12 7 H
3 12 8 E
3 12 9 I
3 12 10 S
3 12 11 I
3 12 12 M
3 12 13 L
13 13
4 12 3 F
4 12 4 S
4 12 5 P
4 12 6 C
4 12 7 H
4 12 8 E
4 12 9 I
4 12 10 S
4 12 11 I
4 12 12 M
4 12 13 L
4 12 14 A
5 12 4 S
5 12 5 P
5 12 6 C
5 12 7 H
5 12 8 E
5 12 9 I
5 12 10 S
5 12 11 I
5 12 12 M
5 12 13 L
5 12 14 A
5 12 15 S
15 15
1 13 0 I
1 13 1 Y
1 13 2 G
1 13 3 F
1 13 4 S
1 13 5 P
1 13 6 C
1 13 7 H
1 13 8 E
1 13 9 I
1 13 10 S
1 13 11 I
1 13 12 M
12 12
2 13 1 Y
2 13 2 G
2 13 3 F
2 13 4 S
2 13 5 P
2 13 6 C
2 13 7 H
2 13 8 E
2 13 9 I
2 13 10 S
2 13 11 I
2 13 12 M
2 13 13 L
13 13
3 13 2 G
3 13 3 F
3 13 4 S
3 13 5 P
3 13 6 C
3 13 7 H
3 13 8 E
3 13 9 I
3 13 10 S
3 13 11 I
3 13 12 M
3 13 13 L
3 13 14 A
4 13 3 F
4 13 4 S
4 13 5 P
4 13 6 C
4 13 7 H
4 13 8 E
4 13 9 I
4 13 10 S
4 13 11 I
4 13 12 M
4 13 13 L
4 13 14 A
4 13 15 S
15 15
1 14 0 I
1 14 1 Y
1 14 2 G
1 14 3 F
1 14 4 S
1 14 5 P
1 14 6 C
1 14 7 H
1 14 8 E
1 14 9 I
1 14 10 S
1 14 11 I
1 14 12 M
1 14 13 L
13 13
2 14 1 Y
2 14 2 G
2 14 3 F
2 14 4 S
2 14 5 P
2 14 6 C
2 14 7 H
2 14 8 E
2 14 9 I
2 14 10 S
2 14 11 I
2 14 12 M
2 14 13 L
2 14 14 A
3 14 2 G
3 14 3 F
3 14 4 S
3 14 5 P
3 14 6 C
3 14 7 H
3 14 8 E
3 14 9 I
3 14 10 S
3 14 11 I
3 14 12 M
3 14 13 L
3 14 14 A
3 14 15 S
15 15
1 15 0 I
1 15 1 Y
1 15 2 G
1 15 3 F
1 15 4 S
1 15 5 P
1 15 6 C
1 15 7 H
1 15 8 E
1 15 9 I
1 15 10 S
1 15 11 I
1 15 12 M
1 15 13 L
1 15 14 A
2 15 1 Y
2 15 2 G
2 15 3 F
2 15 4 S
2 15 5 P
2 15 6 C
2 15 7 H
2 15 8 E
2 15 9 I
2 15 10 S
2 15 11 I
2 15 12 M
2 15 13 L
2 15 14 A
2 15 15 S
15 15
1 16 0 I
1 16 1 Y
1 16 2 G
1 16 3 F
1 16 4 S
1 16 5 P
1 16 6 C
1 16 7 H
1 16 8 E
1 16 9 I
1 16 10 S
1 16 11 I
1 16 12 M
1 16 13 L
1 16 14 A
1 16 15 S
15 15
betaaggr
partition
AGG 32.9958 AMYLO 0.046855 TURN 1.46948 HELIX 1.09255 HELAGG 0 BETA34.2005
