Do you want a prediction per residue?. If yes type Y. Default, N
Type the name of the file with the peptide names, conditions and sequence in one letter code and press Enter
Ficher = G0XLZ9
Nterm = N
Cterm = N
pH = 7
temperatura = 298
ionic = 0.1
Stability = 0
Concentration = 1
aminoacido = MKKIKIVPLILIVVVVGFGI
1 peptides run, last one G0XLZ9 N N 7.00 298.00 0.10 MKKIKIVPLILIVVVVGFGI
1 6 0 M
1 6 1 K
1 6 2 K
1 6 3 I
1 6 4 K
1 6 5 I
5 5
2 6 1 K
2 6 2 K
2 6 3 I
2 6 4 K
2 6 5 I
2 6 6 V
6 6
3 6 2 K
3 6 3 I
3 6 4 K
3 6 5 I
3 6 6 V
3 6 7 P
7 7
4 6 3 I
4 6 4 K
4 6 5 I
4 6 6 V
4 6 7 P
4 6 8 L
8 8
5 6 4 K
5 6 5 I
5 6 6 V
5 6 7 P
5 6 8 L
5 6 9 I
9 9
6 6 5 I
6 6 6 V
6 6 7 P
6 6 8 L
6 6 9 I
6 6 10 L
10 10
7 6 6 V
7 6 7 P
7 6 8 L
7 6 9 I
7 6 10 L
7 6 11 I
11 11
8 6 7 P
8 6 8 L
8 6 9 I
8 6 10 L
8 6 11 I
8 6 12 V
12 12
9 6 8 L
9 6 9 I
9 6 10 L
9 6 11 I
9 6 12 V
9 6 13 V
13 13
10 6 9 I
10 6 10 L
10 6 11 I
10 6 12 V
10 6 13 V
10 6 14 V
14 14
11 6 10 L
11 6 11 I
11 6 12 V
11 6 13 V
11 6 14 V
11 6 15 V
15 15
12 6 11 I
12 6 12 V
12 6 13 V
12 6 14 V
12 6 15 V
12 6 16 G
16 16
13 6 12 V
13 6 13 V
13 6 14 V
13 6 15 V
13 6 16 G
13 6 17 F
17 17
14 6 13 V
14 6 14 V
14 6 15 V
14 6 16 G
14 6 17 F
14 6 18 G
18 18
15 6 14 V
15 6 15 V
15 6 16 G
15 6 17 F
15 6 18 G
15 6 19 I
19 19
1 7 0 M
1 7 1 K
1 7 2 K
1 7 3 I
1 7 4 K
1 7 5 I
1 7 6 V
6 6
2 7 1 K
2 7 2 K
2 7 3 I
2 7 4 K
2 7 5 I
2 7 6 V
2 7 7 P
7 7
3 7 2 K
3 7 3 I
3 7 4 K
3 7 5 I
3 7 6 V
3 7 7 P
3 7 8 L
8 8
4 7 3 I
4 7 4 K
4 7 5 I
4 7 6 V
4 7 7 P
4 7 8 L
4 7 9 I
9 9
5 7 4 K
5 7 5 I
5 7 6 V
5 7 7 P
5 7 8 L
5 7 9 I
5 7 10 L
10 10
6 7 5 I
6 7 6 V
6 7 7 P
6 7 8 L
6 7 9 I
6 7 10 L
6 7 11 I
11 11
7 7 6 V
7 7 7 P
7 7 8 L
7 7 9 I
7 7 10 L
7 7 11 I
7 7 12 V
12 12
8 7 7 P
8 7 8 L
8 7 9 I
8 7 10 L
8 7 11 I
8 7 12 V
8 7 13 V
13 13
9 7 8 L
9 7 9 I
9 7 10 L
9 7 11 I
9 7 12 V
9 7 13 V
9 7 14 V
14 14
10 7 9 I
10 7 10 L
10 7 11 I
10 7 12 V
10 7 13 V
10 7 14 V
10 7 15 V
15 15
11 7 10 L
11 7 11 I
11 7 12 V
11 7 13 V
11 7 14 V
11 7 15 V
11 7 16 G
16 16
12 7 11 I
12 7 12 V
12 7 13 V
12 7 14 V
12 7 15 V
12 7 16 G
12 7 17 F
17 17
13 7 12 V
13 7 13 V
13 7 14 V
13 7 15 V
13 7 16 G
13 7 17 F
13 7 18 G
18 18
14 7 13 V
14 7 14 V
14 7 15 V
14 7 16 G
14 7 17 F
14 7 18 G
14 7 19 I
19 19
1 8 0 M
1 8 1 K
1 8 2 K
1 8 3 I
1 8 4 K
1 8 5 I
1 8 6 V
1 8 7 P
7 7
2 8 1 K
2 8 2 K
2 8 3 I
2 8 4 K
2 8 5 I
2 8 6 V
2 8 7 P
2 8 8 L
8 8
3 8 2 K
3 8 3 I
3 8 4 K
3 8 5 I
3 8 6 V
3 8 7 P
3 8 8 L
3 8 9 I
9 9
4 8 3 I
4 8 4 K
4 8 5 I
4 8 6 V
4 8 7 P
4 8 8 L
4 8 9 I
4 8 10 L
10 10
5 8 4 K
5 8 5 I
5 8 6 V
5 8 7 P
5 8 8 L
5 8 9 I
5 8 10 L
5 8 11 I
11 11
6 8 5 I
6 8 6 V
6 8 7 P
6 8 8 L
6 8 9 I
6 8 10 L
6 8 11 I
6 8 12 V
12 12
7 8 6 V
7 8 7 P
7 8 8 L
7 8 9 I
7 8 10 L
7 8 11 I
7 8 12 V
7 8 13 V
13 13
8 8 7 P
8 8 8 L
8 8 9 I
8 8 10 L
8 8 11 I
8 8 12 V
8 8 13 V
8 8 14 V
14 14
9 8 8 L
9 8 9 I
9 8 10 L
9 8 11 I
9 8 12 V
9 8 13 V
9 8 14 V
9 8 15 V
15 15
10 8 9 I
10 8 10 L
10 8 11 I
10 8 12 V
10 8 13 V
10 8 14 V
10 8 15 V
10 8 16 G
16 16
11 8 10 L
11 8 11 I
11 8 12 V
11 8 13 V
11 8 14 V
11 8 15 V
11 8 16 G
11 8 17 F
17 17
12 8 11 I
12 8 12 V
12 8 13 V
12 8 14 V
12 8 15 V
12 8 16 G
12 8 17 F
12 8 18 G
18 18
13 8 12 V
13 8 13 V
13 8 14 V
13 8 15 V
13 8 16 G
13 8 17 F
13 8 18 G
13 8 19 I
19 19
1 9 0 M
1 9 1 K
1 9 2 K
1 9 3 I
1 9 4 K
1 9 5 I
1 9 6 V
1 9 7 P
1 9 8 L
8 8
2 9 1 K
2 9 2 K
2 9 3 I
2 9 4 K
2 9 5 I
2 9 6 V
2 9 7 P
2 9 8 L
2 9 9 I
9 9
3 9 2 K
3 9 3 I
3 9 4 K
3 9 5 I
3 9 6 V
3 9 7 P
3 9 8 L
3 9 9 I
3 9 10 L
10 10
4 9 3 I
4 9 4 K
4 9 5 I
4 9 6 V
4 9 7 P
4 9 8 L
4 9 9 I
4 9 10 L
4 9 11 I
11 11
5 9 4 K
5 9 5 I
5 9 6 V
5 9 7 P
5 9 8 L
5 9 9 I
5 9 10 L
5 9 11 I
5 9 12 V
12 12
6 9 5 I
6 9 6 V
6 9 7 P
6 9 8 L
6 9 9 I
6 9 10 L
6 9 11 I
6 9 12 V
6 9 13 V
13 13
7 9 6 V
7 9 7 P
7 9 8 L
7 9 9 I
7 9 10 L
7 9 11 I
7 9 12 V
7 9 13 V
7 9 14 V
14 14
8 9 7 P
8 9 8 L
8 9 9 I
8 9 10 L
8 9 11 I
8 9 12 V
8 9 13 V
8 9 14 V
8 9 15 V
15 15
9 9 8 L
9 9 9 I
9 9 10 L
9 9 11 I
9 9 12 V
9 9 13 V
9 9 14 V
9 9 15 V
9 9 16 G
16 16
10 9 9 I
10 9 10 L
10 9 11 I
10 9 12 V
10 9 13 V
10 9 14 V
10 9 15 V
10 9 16 G
10 9 17 F
17 17
11 9 10 L
11 9 11 I
11 9 12 V
11 9 13 V
11 9 14 V
11 9 15 V
11 9 16 G
11 9 17 F
11 9 18 G
18 18
12 9 11 I
12 9 12 V
12 9 13 V
12 9 14 V
12 9 15 V
12 9 16 G
12 9 17 F
12 9 18 G
12 9 19 I
19 19
1 10 0 M
1 10 1 K
1 10 2 K
1 10 3 I
1 10 4 K
1 10 5 I
1 10 6 V
1 10 7 P
1 10 8 L
1 10 9 I
9 9
2 10 1 K
2 10 2 K
2 10 3 I
2 10 4 K
2 10 5 I
2 10 6 V
2 10 7 P
2 10 8 L
2 10 9 I
2 10 10 L
10 10
3 10 2 K
3 10 3 I
3 10 4 K
3 10 5 I
3 10 6 V
3 10 7 P
3 10 8 L
3 10 9 I
3 10 10 L
3 10 11 I
11 11
4 10 3 I
4 10 4 K
4 10 5 I
4 10 6 V
4 10 7 P
4 10 8 L
4 10 9 I
4 10 10 L
4 10 11 I
4 10 12 V
12 12
5 10 4 K
5 10 5 I
5 10 6 V
5 10 7 P
5 10 8 L
5 10 9 I
5 10 10 L
5 10 11 I
5 10 12 V
5 10 13 V
13 13
6 10 5 I
6 10 6 V
6 10 7 P
6 10 8 L
6 10 9 I
6 10 10 L
6 10 11 I
6 10 12 V
6 10 13 V
6 10 14 V
14 14
7 10 6 V
7 10 7 P
7 10 8 L
7 10 9 I
7 10 10 L
7 10 11 I
7 10 12 V
7 10 13 V
7 10 14 V
7 10 15 V
15 15
8 10 7 P
8 10 8 L
8 10 9 I
8 10 10 L
8 10 11 I
8 10 12 V
8 10 13 V
8 10 14 V
8 10 15 V
8 10 16 G
16 16
9 10 8 L
9 10 9 I
9 10 10 L
9 10 11 I
9 10 12 V
9 10 13 V
9 10 14 V
9 10 15 V
9 10 16 G
9 10 17 F
17 17
10 10 9 I
10 10 10 L
10 10 11 I
10 10 12 V
10 10 13 V
10 10 14 V
10 10 15 V
10 10 16 G
10 10 17 F
10 10 18 G
18 18
11 10 10 L
11 10 11 I
11 10 12 V
11 10 13 V
11 10 14 V
11 10 15 V
11 10 16 G
11 10 17 F
11 10 18 G
11 10 19 I
19 19
1 11 0 M
1 11 1 K
1 11 2 K
1 11 3 I
1 11 4 K
1 11 5 I
1 11 6 V
1 11 7 P
1 11 8 L
1 11 9 I
1 11 10 L
10 10
2 11 1 K
2 11 2 K
2 11 3 I
2 11 4 K
2 11 5 I
2 11 6 V
2 11 7 P
2 11 8 L
2 11 9 I
2 11 10 L
2 11 11 I
11 11
3 11 2 K
3 11 3 I
3 11 4 K
3 11 5 I
3 11 6 V
3 11 7 P
3 11 8 L
3 11 9 I
3 11 10 L
3 11 11 I
3 11 12 V
12 12
4 11 3 I
4 11 4 K
4 11 5 I
4 11 6 V
4 11 7 P
4 11 8 L
4 11 9 I
4 11 10 L
4 11 11 I
4 11 12 V
4 11 13 V
13 13
5 11 4 K
5 11 5 I
5 11 6 V
5 11 7 P
5 11 8 L
5 11 9 I
5 11 10 L
5 11 11 I
5 11 12 V
5 11 13 V
5 11 14 V
14 14
6 11 5 I
6 11 6 V
6 11 7 P
6 11 8 L
6 11 9 I
6 11 10 L
6 11 11 I
6 11 12 V
6 11 13 V
6 11 14 V
6 11 15 V
15 15
7 11 6 V
7 11 7 P
7 11 8 L
7 11 9 I
7 11 10 L
7 11 11 I
7 11 12 V
7 11 13 V
7 11 14 V
7 11 15 V
7 11 16 G
16 16
8 11 7 P
8 11 8 L
8 11 9 I
8 11 10 L
8 11 11 I
8 11 12 V
8 11 13 V
8 11 14 V
8 11 15 V
8 11 16 G
8 11 17 F
17 17
9 11 8 L
9 11 9 I
9 11 10 L
9 11 11 I
9 11 12 V
9 11 13 V
9 11 14 V
9 11 15 V
9 11 16 G
9 11 17 F
9 11 18 G
18 18
10 11 9 I
10 11 10 L
10 11 11 I
10 11 12 V
10 11 13 V
10 11 14 V
10 11 15 V
10 11 16 G
10 11 17 F
10 11 18 G
10 11 19 I
19 19
1 12 0 M
1 12 1 K
1 12 2 K
1 12 3 I
1 12 4 K
1 12 5 I
1 12 6 V
1 12 7 P
1 12 8 L
1 12 9 I
1 12 10 L
1 12 11 I
11 11
2 12 1 K
2 12 2 K
2 12 3 I
2 12 4 K
2 12 5 I
2 12 6 V
2 12 7 P
2 12 8 L
2 12 9 I
2 12 10 L
2 12 11 I
2 12 12 V
12 12
3 12 2 K
3 12 3 I
3 12 4 K
3 12 5 I
3 12 6 V
3 12 7 P
3 12 8 L
3 12 9 I
3 12 10 L
3 12 11 I
3 12 12 V
3 12 13 V
13 13
4 12 3 I
4 12 4 K
4 12 5 I
4 12 6 V
4 12 7 P
4 12 8 L
4 12 9 I
4 12 10 L
4 12 11 I
4 12 12 V
4 12 13 V
4 12 14 V
14 14
5 12 4 K
5 12 5 I
5 12 6 V
5 12 7 P
5 12 8 L
5 12 9 I
5 12 10 L
5 12 11 I
5 12 12 V
5 12 13 V
5 12 14 V
5 12 15 V
15 15
6 12 5 I
6 12 6 V
6 12 7 P
6 12 8 L
6 12 9 I
6 12 10 L
6 12 11 I
6 12 12 V
6 12 13 V
6 12 14 V
6 12 15 V
6 12 16 G
16 16
7 12 6 V
7 12 7 P
7 12 8 L
7 12 9 I
7 12 10 L
7 12 11 I
7 12 12 V
7 12 13 V
7 12 14 V
7 12 15 V
7 12 16 G
7 12 17 F
17 17
8 12 7 P
8 12 8 L
8 12 9 I
8 12 10 L
8 12 11 I
8 12 12 V
8 12 13 V
8 12 14 V
8 12 15 V
8 12 16 G
8 12 17 F
8 12 18 G
18 18
9 12 8 L
9 12 9 I
9 12 10 L
9 12 11 I
9 12 12 V
9 12 13 V
9 12 14 V
9 12 15 V
9 12 16 G
9 12 17 F
9 12 18 G
9 12 19 I
19 19
1 13 0 M
1 13 1 K
1 13 2 K
1 13 3 I
1 13 4 K
1 13 5 I
1 13 6 V
1 13 7 P
1 13 8 L
1 13 9 I
1 13 10 L
1 13 11 I
1 13 12 V
12 12
2 13 1 K
2 13 2 K
2 13 3 I
2 13 4 K
2 13 5 I
2 13 6 V
2 13 7 P
2 13 8 L
2 13 9 I
2 13 10 L
2 13 11 I
2 13 12 V
2 13 13 V
13 13
3 13 2 K
3 13 3 I
3 13 4 K
3 13 5 I
3 13 6 V
3 13 7 P
3 13 8 L
3 13 9 I
3 13 10 L
3 13 11 I
3 13 12 V
3 13 13 V
3 13 14 V
14 14
4 13 3 I
4 13 4 K
4 13 5 I
4 13 6 V
4 13 7 P
4 13 8 L
4 13 9 I
4 13 10 L
4 13 11 I
4 13 12 V
4 13 13 V
4 13 14 V
4 13 15 V
15 15
5 13 4 K
5 13 5 I
5 13 6 V
5 13 7 P
5 13 8 L
5 13 9 I
5 13 10 L
5 13 11 I
5 13 12 V
5 13 13 V
5 13 14 V
5 13 15 V
5 13 16 G
16 16
6 13 5 I
6 13 6 V
6 13 7 P
6 13 8 L
6 13 9 I
6 13 10 L
6 13 11 I
6 13 12 V
6 13 13 V
6 13 14 V
6 13 15 V
6 13 16 G
6 13 17 F
17 17
7 13 6 V
7 13 7 P
7 13 8 L
7 13 9 I
7 13 10 L
7 13 11 I
7 13 12 V
7 13 13 V
7 13 14 V
7 13 15 V
7 13 16 G
7 13 17 F
7 13 18 G
18 18
8 13 7 P
8 13 8 L
8 13 9 I
8 13 10 L
8 13 11 I
8 13 12 V
8 13 13 V
8 13 14 V
8 13 15 V
8 13 16 G
8 13 17 F
8 13 18 G
8 13 19 I
19 19
1 14 0 M
1 14 1 K
1 14 2 K
1 14 3 I
1 14 4 K
1 14 5 I
1 14 6 V
1 14 7 P
1 14 8 L
1 14 9 I
1 14 10 L
1 14 11 I
1 14 12 V
1 14 13 V
13 13
2 14 1 K
2 14 2 K
2 14 3 I
2 14 4 K
2 14 5 I
2 14 6 V
2 14 7 P
2 14 8 L
2 14 9 I
2 14 10 L
2 14 11 I
2 14 12 V
2 14 13 V
2 14 14 V
14 14
3 14 2 K
3 14 3 I
3 14 4 K
3 14 5 I
3 14 6 V
3 14 7 P
3 14 8 L
3 14 9 I
3 14 10 L
3 14 11 I
3 14 12 V
3 14 13 V
3 14 14 V
3 14 15 V
15 15
4 14 3 I
4 14 4 K
4 14 5 I
4 14 6 V
4 14 7 P
4 14 8 L
4 14 9 I
4 14 10 L
4 14 11 I
4 14 12 V
4 14 13 V
4 14 14 V
4 14 15 V
4 14 16 G
16 16
5 14 4 K
5 14 5 I
5 14 6 V
5 14 7 P
5 14 8 L
5 14 9 I
5 14 10 L
5 14 11 I
5 14 12 V
5 14 13 V
5 14 14 V
5 14 15 V
5 14 16 G
5 14 17 F
17 17
6 14 5 I
6 14 6 V
6 14 7 P
6 14 8 L
6 14 9 I
6 14 10 L
6 14 11 I
6 14 12 V
6 14 13 V
6 14 14 V
6 14 15 V
6 14 16 G
6 14 17 F
6 14 18 G
18 18
7 14 6 V
7 14 7 P
7 14 8 L
7 14 9 I
7 14 10 L
7 14 11 I
7 14 12 V
7 14 13 V
7 14 14 V
7 14 15 V
7 14 16 G
7 14 17 F
7 14 18 G
7 14 19 I
19 19
1 15 0 M
1 15 1 K
1 15 2 K
1 15 3 I
1 15 4 K
1 15 5 I
1 15 6 V
1 15 7 P
1 15 8 L
1 15 9 I
1 15 10 L
1 15 11 I
1 15 12 V
1 15 13 V
1 15 14 V
14 14
2 15 1 K
2 15 2 K
2 15 3 I
2 15 4 K
2 15 5 I
2 15 6 V
2 15 7 P
2 15 8 L
2 15 9 I
2 15 10 L
2 15 11 I
2 15 12 V
2 15 13 V
2 15 14 V
2 15 15 V
15 15
3 15 2 K
3 15 3 I
3 15 4 K
3 15 5 I
3 15 6 V
3 15 7 P
3 15 8 L
3 15 9 I
3 15 10 L
3 15 11 I
3 15 12 V
3 15 13 V
3 15 14 V
3 15 15 V
3 15 16 G
16 16
4 15 3 I
4 15 4 K
4 15 5 I
4 15 6 V
4 15 7 P
4 15 8 L
4 15 9 I
4 15 10 L
4 15 11 I
4 15 12 V
4 15 13 V
4 15 14 V
4 15 15 V
4 15 16 G
4 15 17 F
17 17
5 15 4 K
5 15 5 I
5 15 6 V
5 15 7 P
5 15 8 L
5 15 9 I
5 15 10 L
5 15 11 I
5 15 12 V
5 15 13 V
5 15 14 V
5 15 15 V
5 15 16 G
5 15 17 F
5 15 18 G
18 18
6 15 5 I
6 15 6 V
6 15 7 P
6 15 8 L
6 15 9 I
6 15 10 L
6 15 11 I
6 15 12 V
6 15 13 V
6 15 14 V
6 15 15 V
6 15 16 G
6 15 17 F
6 15 18 G
6 15 19 I
19 19
1 16 0 M
1 16 1 K
1 16 2 K
1 16 3 I
1 16 4 K
1 16 5 I
1 16 6 V
1 16 7 P
1 16 8 L
1 16 9 I
1 16 10 L
1 16 11 I
1 16 12 V
1 16 13 V
1 16 14 V
1 16 15 V
15 15
2 16 1 K
2 16 2 K
2 16 3 I
2 16 4 K
2 16 5 I
2 16 6 V
2 16 7 P
2 16 8 L
2 16 9 I
2 16 10 L
2 16 11 I
2 16 12 V
2 16 13 V
2 16 14 V
2 16 15 V
2 16 16 G
16 16
3 16 2 K
3 16 3 I
3 16 4 K
3 16 5 I
3 16 6 V
3 16 7 P
3 16 8 L
3 16 9 I
3 16 10 L
3 16 11 I
3 16 12 V
3 16 13 V
3 16 14 V
3 16 15 V
3 16 16 G
3 16 17 F
17 17
4 16 3 I
4 16 4 K
4 16 5 I
4 16 6 V
4 16 7 P
4 16 8 L
4 16 9 I
4 16 10 L
4 16 11 I
4 16 12 V
4 16 13 V
4 16 14 V
4 16 15 V
4 16 16 G
4 16 17 F
4 16 18 G
18 18
5 16 4 K
5 16 5 I
5 16 6 V
5 16 7 P
5 16 8 L
5 16 9 I
5 16 10 L
5 16 11 I
5 16 12 V
5 16 13 V
5 16 14 V
5 16 15 V
5 16 16 G
5 16 17 F
5 16 18 G
5 16 19 I
19 19
1 17 0 M
1 17 1 K
1 17 2 K
1 17 3 I
1 17 4 K
1 17 5 I
1 17 6 V
1 17 7 P
1 17 8 L
1 17 9 I
1 17 10 L
1 17 11 I
1 17 12 V
1 17 13 V
1 17 14 V
1 17 15 V
1 17 16 G
16 16
2 17 1 K
2 17 2 K
2 17 3 I
2 17 4 K
2 17 5 I
2 17 6 V
2 17 7 P
2 17 8 L
2 17 9 I
2 17 10 L
2 17 11 I
2 17 12 V
2 17 13 V
2 17 14 V
2 17 15 V
2 17 16 G
2 17 17 F
17 17
3 17 2 K
3 17 3 I
3 17 4 K
3 17 5 I
3 17 6 V
3 17 7 P
3 17 8 L
3 17 9 I
3 17 10 L
3 17 11 I
3 17 12 V
3 17 13 V
3 17 14 V
3 17 15 V
3 17 16 G
3 17 17 F
3 17 18 G
18 18
4 17 3 I
4 17 4 K
4 17 5 I
4 17 6 V
4 17 7 P
4 17 8 L
4 17 9 I
4 17 10 L
4 17 11 I
4 17 12 V
4 17 13 V
4 17 14 V
4 17 15 V
4 17 16 G
4 17 17 F
4 17 18 G
4 17 19 I
19 19
1 18 0 M
1 18 1 K
1 18 2 K
1 18 3 I
1 18 4 K
1 18 5 I
1 18 6 V
1 18 7 P
1 18 8 L
1 18 9 I
1 18 10 L
1 18 11 I
1 18 12 V
1 18 13 V
1 18 14 V
1 18 15 V
1 18 16 G
1 18 17 F
17 17
2 18 1 K
2 18 2 K
2 18 3 I
2 18 4 K
2 18 5 I
2 18 6 V
2 18 7 P
2 18 8 L
2 18 9 I
2 18 10 L
2 18 11 I
2 18 12 V
2 18 13 V
2 18 14 V
2 18 15 V
2 18 16 G
2 18 17 F
2 18 18 G
18 18
3 18 2 K
3 18 3 I
3 18 4 K
3 18 5 I
3 18 6 V
3 18 7 P
3 18 8 L
3 18 9 I
3 18 10 L
3 18 11 I
3 18 12 V
3 18 13 V
3 18 14 V
3 18 15 V
3 18 16 G
3 18 17 F
3 18 18 G
3 18 19 I
19 19
1 19 0 M
1 19 1 K
1 19 2 K
1 19 3 I
1 19 4 K
1 19 5 I
1 19 6 V
1 19 7 P
1 19 8 L
1 19 9 I
1 19 10 L
1 19 11 I
1 19 12 V
1 19 13 V
1 19 14 V
1 19 15 V
1 19 16 G
1 19 17 F
1 19 18 G
18 18
2 19 1 K
2 19 2 K
2 19 3 I
2 19 4 K
2 19 5 I
2 19 6 V
2 19 7 P
2 19 8 L
2 19 9 I
2 19 10 L
2 19 11 I
2 19 12 V
2 19 13 V
2 19 14 V
2 19 15 V
2 19 16 G
2 19 17 F
2 19 18 G
2 19 19 I
19 19
1 20 0 M
1 20 1 K
1 20 2 K
1 20 3 I
1 20 4 K
1 20 5 I
1 20 6 V
1 20 7 P
1 20 8 L
1 20 9 I
1 20 10 L
1 20 11 I
1 20 12 V
1 20 13 V
1 20 14 V
1 20 15 V
1 20 16 G
1 20 17 F
1 20 18 G
1 20 19 I
19 19
betaaggr
partition
AGG 853.821 AMYLO 0.164513 TURN 1.05685 HELIX 8.19457 HELAGG 0 BETA131.829
