Do you want a prediction per residue?. If yes type Y. Default, N
Type the name of the file with the peptide names, conditions and sequence in one letter code and press Enter
Ficher = K9ACR1
Nterm = N
Cterm = N
pH = 7
temperatura = 298
ionic = 0.1
Stability = 0
Concentration = 1
aminoacido = MAKIGYARVSTQNQSLDG
1 peptides run, last one K9ACR1 N N 7.00 298.00 0.10 MAKIGYARVSTQNQSLDG
1 6 0 M
1 6 1 A
1 6 2 K
1 6 3 I
1 6 4 G
1 6 5 Y
2 6 1 A
2 6 2 K
2 6 3 I
2 6 4 G
2 6 5 Y
2 6 6 A
3 6 2 K
3 6 3 I
3 6 4 G
3 6 5 Y
3 6 6 A
3 6 7 R
7 7
4 6 3 I
4 6 4 G
4 6 5 Y
4 6 6 A
4 6 7 R
4 6 8 V
8 8
5 6 4 G
5 6 5 Y
5 6 6 A
5 6 7 R
5 6 8 V
5 6 9 S
9 9
6 6 5 Y
6 6 6 A
6 6 7 R
6 6 8 V
6 6 9 S
6 6 10 T
7 6 6 A
7 6 7 R
7 6 8 V
7 6 9 S
7 6 10 T
7 6 11 Q
11 11
8 6 7 R
8 6 8 V
8 6 9 S
8 6 10 T
8 6 11 Q
8 6 12 N
12 12
9 6 8 V
9 6 9 S
9 6 10 T
9 6 11 Q
9 6 12 N
9 6 13 Q
13 13
10 6 9 S
10 6 10 T
10 6 11 Q
10 6 12 N
10 6 13 Q
10 6 14 S
14 14
11 6 10 T
11 6 11 Q
11 6 12 N
11 6 13 Q
11 6 14 S
11 6 15 L
15 15
12 6 11 Q
12 6 12 N
12 6 13 Q
12 6 14 S
12 6 15 L
12 6 16 D
16 16
13 6 12 N
13 6 13 Q
13 6 14 S
13 6 15 L
13 6 16 D
13 6 17 G
17 17
1 7 0 M
1 7 1 A
1 7 2 K
1 7 3 I
1 7 4 G
1 7 5 Y
1 7 6 A
2 7 1 A
2 7 2 K
2 7 3 I
2 7 4 G
2 7 5 Y
2 7 6 A
2 7 7 R
7 7
3 7 2 K
3 7 3 I
3 7 4 G
3 7 5 Y
3 7 6 A
3 7 7 R
3 7 8 V
8 8
4 7 3 I
4 7 4 G
4 7 5 Y
4 7 6 A
4 7 7 R
4 7 8 V
4 7 9 S
9 9
5 7 4 G
5 7 5 Y
5 7 6 A
5 7 7 R
5 7 8 V
5 7 9 S
5 7 10 T
6 7 5 Y
6 7 6 A
6 7 7 R
6 7 8 V
6 7 9 S
6 7 10 T
6 7 11 Q
11 11
7 7 6 A
7 7 7 R
7 7 8 V
7 7 9 S
7 7 10 T
7 7 11 Q
7 7 12 N
12 12
8 7 7 R
8 7 8 V
8 7 9 S
8 7 10 T
8 7 11 Q
8 7 12 N
8 7 13 Q
13 13
9 7 8 V
9 7 9 S
9 7 10 T
9 7 11 Q
9 7 12 N
9 7 13 Q
9 7 14 S
14 14
10 7 9 S
10 7 10 T
10 7 11 Q
10 7 12 N
10 7 13 Q
10 7 14 S
10 7 15 L
15 15
11 7 10 T
11 7 11 Q
11 7 12 N
11 7 13 Q
11 7 14 S
11 7 15 L
11 7 16 D
16 16
12 7 11 Q
12 7 12 N
12 7 13 Q
12 7 14 S
12 7 15 L
12 7 16 D
12 7 17 G
17 17
1 8 0 M
1 8 1 A
1 8 2 K
1 8 3 I
1 8 4 G
1 8 5 Y
1 8 6 A
1 8 7 R
7 7
2 8 1 A
2 8 2 K
2 8 3 I
2 8 4 G
2 8 5 Y
2 8 6 A
2 8 7 R
2 8 8 V
8 8
3 8 2 K
3 8 3 I
3 8 4 G
3 8 5 Y
3 8 6 A
3 8 7 R
3 8 8 V
3 8 9 S
9 9
4 8 3 I
4 8 4 G
4 8 5 Y
4 8 6 A
4 8 7 R
4 8 8 V
4 8 9 S
4 8 10 T
5 8 4 G
5 8 5 Y
5 8 6 A
5 8 7 R
5 8 8 V
5 8 9 S
5 8 10 T
5 8 11 Q
11 11
6 8 5 Y
6 8 6 A
6 8 7 R
6 8 8 V
6 8 9 S
6 8 10 T
6 8 11 Q
6 8 12 N
12 12
7 8 6 A
7 8 7 R
7 8 8 V
7 8 9 S
7 8 10 T
7 8 11 Q
7 8 12 N
7 8 13 Q
13 13
8 8 7 R
8 8 8 V
8 8 9 S
8 8 10 T
8 8 11 Q
8 8 12 N
8 8 13 Q
8 8 14 S
14 14
9 8 8 V
9 8 9 S
9 8 10 T
9 8 11 Q
9 8 12 N
9 8 13 Q
9 8 14 S
9 8 15 L
15 15
10 8 9 S
10 8 10 T
10 8 11 Q
10 8 12 N
10 8 13 Q
10 8 14 S
10 8 15 L
10 8 16 D
16 16
11 8 10 T
11 8 11 Q
11 8 12 N
11 8 13 Q
11 8 14 S
11 8 15 L
11 8 16 D
11 8 17 G
17 17
1 9 0 M
1 9 1 A
1 9 2 K
1 9 3 I
1 9 4 G
1 9 5 Y
1 9 6 A
1 9 7 R
1 9 8 V
8 8
2 9 1 A
2 9 2 K
2 9 3 I
2 9 4 G
2 9 5 Y
2 9 6 A
2 9 7 R
2 9 8 V
2 9 9 S
9 9
3 9 2 K
3 9 3 I
3 9 4 G
3 9 5 Y
3 9 6 A
3 9 7 R
3 9 8 V
3 9 9 S
3 9 10 T
4 9 3 I
4 9 4 G
4 9 5 Y
4 9 6 A
4 9 7 R
4 9 8 V
4 9 9 S
4 9 10 T
4 9 11 Q
11 11
5 9 4 G
5 9 5 Y
5 9 6 A
5 9 7 R
5 9 8 V
5 9 9 S
5 9 10 T
5 9 11 Q
5 9 12 N
12 12
6 9 5 Y
6 9 6 A
6 9 7 R
6 9 8 V
6 9 9 S
6 9 10 T
6 9 11 Q
6 9 12 N
6 9 13 Q
13 13
7 9 6 A
7 9 7 R
7 9 8 V
7 9 9 S
7 9 10 T
7 9 11 Q
7 9 12 N
7 9 13 Q
7 9 14 S
14 14
8 9 7 R
8 9 8 V
8 9 9 S
8 9 10 T
8 9 11 Q
8 9 12 N
8 9 13 Q
8 9 14 S
8 9 15 L
15 15
9 9 8 V
9 9 9 S
9 9 10 T
9 9 11 Q
9 9 12 N
9 9 13 Q
9 9 14 S
9 9 15 L
9 9 16 D
16 16
10 9 9 S
10 9 10 T
10 9 11 Q
10 9 12 N
10 9 13 Q
10 9 14 S
10 9 15 L
10 9 16 D
10 9 17 G
17 17
1 10 0 M
1 10 1 A
1 10 2 K
1 10 3 I
1 10 4 G
1 10 5 Y
1 10 6 A
1 10 7 R
1 10 8 V
1 10 9 S
9 9
2 10 1 A
2 10 2 K
2 10 3 I
2 10 4 G
2 10 5 Y
2 10 6 A
2 10 7 R
2 10 8 V
2 10 9 S
2 10 10 T
3 10 2 K
3 10 3 I
3 10 4 G
3 10 5 Y
3 10 6 A
3 10 7 R
3 10 8 V
3 10 9 S
3 10 10 T
3 10 11 Q
11 11
4 10 3 I
4 10 4 G
4 10 5 Y
4 10 6 A
4 10 7 R
4 10 8 V
4 10 9 S
4 10 10 T
4 10 11 Q
4 10 12 N
12 12
5 10 4 G
5 10 5 Y
5 10 6 A
5 10 7 R
5 10 8 V
5 10 9 S
5 10 10 T
5 10 11 Q
5 10 12 N
5 10 13 Q
13 13
6 10 5 Y
6 10 6 A
6 10 7 R
6 10 8 V
6 10 9 S
6 10 10 T
6 10 11 Q
6 10 12 N
6 10 13 Q
6 10 14 S
14 14
7 10 6 A
7 10 7 R
7 10 8 V
7 10 9 S
7 10 10 T
7 10 11 Q
7 10 12 N
7 10 13 Q
7 10 14 S
7 10 15 L
15 15
8 10 7 R
8 10 8 V
8 10 9 S
8 10 10 T
8 10 11 Q
8 10 12 N
8 10 13 Q
8 10 14 S
8 10 15 L
8 10 16 D
16 16
9 10 8 V
9 10 9 S
9 10 10 T
9 10 11 Q
9 10 12 N
9 10 13 Q
9 10 14 S
9 10 15 L
9 10 16 D
9 10 17 G
17 17
1 11 0 M
1 11 1 A
1 11 2 K
1 11 3 I
1 11 4 G
1 11 5 Y
1 11 6 A
1 11 7 R
1 11 8 V
1 11 9 S
1 11 10 T
2 11 1 A
2 11 2 K
2 11 3 I
2 11 4 G
2 11 5 Y
2 11 6 A
2 11 7 R
2 11 8 V
2 11 9 S
2 11 10 T
2 11 11 Q
11 11
3 11 2 K
3 11 3 I
3 11 4 G
3 11 5 Y
3 11 6 A
3 11 7 R
3 11 8 V
3 11 9 S
3 11 10 T
3 11 11 Q
3 11 12 N
12 12
4 11 3 I
4 11 4 G
4 11 5 Y
4 11 6 A
4 11 7 R
4 11 8 V
4 11 9 S
4 11 10 T
4 11 11 Q
4 11 12 N
4 11 13 Q
13 13
5 11 4 G
5 11 5 Y
5 11 6 A
5 11 7 R
5 11 8 V
5 11 9 S
5 11 10 T
5 11 11 Q
5 11 12 N
5 11 13 Q
5 11 14 S
14 14
6 11 5 Y
6 11 6 A
6 11 7 R
6 11 8 V
6 11 9 S
6 11 10 T
6 11 11 Q
6 11 12 N
6 11 13 Q
6 11 14 S
6 11 15 L
15 15
7 11 6 A
7 11 7 R
7 11 8 V
7 11 9 S
7 11 10 T
7 11 11 Q
7 11 12 N
7 11 13 Q
7 11 14 S
7 11 15 L
7 11 16 D
16 16
8 11 7 R
8 11 8 V
8 11 9 S
8 11 10 T
8 11 11 Q
8 11 12 N
8 11 13 Q
8 11 14 S
8 11 15 L
8 11 16 D
8 11 17 G
17 17
1 12 0 M
1 12 1 A
1 12 2 K
1 12 3 I
1 12 4 G
1 12 5 Y
1 12 6 A
1 12 7 R
1 12 8 V
1 12 9 S
1 12 10 T
1 12 11 Q
11 11
2 12 1 A
2 12 2 K
2 12 3 I
2 12 4 G
2 12 5 Y
2 12 6 A
2 12 7 R
2 12 8 V
2 12 9 S
2 12 10 T
2 12 11 Q
2 12 12 N
12 12
3 12 2 K
3 12 3 I
3 12 4 G
3 12 5 Y
3 12 6 A
3 12 7 R
3 12 8 V
3 12 9 S
3 12 10 T
3 12 11 Q
3 12 12 N
3 12 13 Q
13 13
4 12 3 I
4 12 4 G
4 12 5 Y
4 12 6 A
4 12 7 R
4 12 8 V
4 12 9 S
4 12 10 T
4 12 11 Q
4 12 12 N
4 12 13 Q
4 12 14 S
14 14
5 12 4 G
5 12 5 Y
5 12 6 A
5 12 7 R
5 12 8 V
5 12 9 S
5 12 10 T
5 12 11 Q
5 12 12 N
5 12 13 Q
5 12 14 S
5 12 15 L
15 15
6 12 5 Y
6 12 6 A
6 12 7 R
6 12 8 V
6 12 9 S
6 12 10 T
6 12 11 Q
6 12 12 N
6 12 13 Q
6 12 14 S
6 12 15 L
6 12 16 D
16 16
7 12 6 A
7 12 7 R
7 12 8 V
7 12 9 S
7 12 10 T
7 12 11 Q
7 12 12 N
7 12 13 Q
7 12 14 S
7 12 15 L
7 12 16 D
7 12 17 G
17 17
1 13 0 M
1 13 1 A
1 13 2 K
1 13 3 I
1 13 4 G
1 13 5 Y
1 13 6 A
1 13 7 R
1 13 8 V
1 13 9 S
1 13 10 T
1 13 11 Q
1 13 12 N
12 12
2 13 1 A
2 13 2 K
2 13 3 I
2 13 4 G
2 13 5 Y
2 13 6 A
2 13 7 R
2 13 8 V
2 13 9 S
2 13 10 T
2 13 11 Q
2 13 12 N
2 13 13 Q
13 13
3 13 2 K
3 13 3 I
3 13 4 G
3 13 5 Y
3 13 6 A
3 13 7 R
3 13 8 V
3 13 9 S
3 13 10 T
3 13 11 Q
3 13 12 N
3 13 13 Q
3 13 14 S
14 14
4 13 3 I
4 13 4 G
4 13 5 Y
4 13 6 A
4 13 7 R
4 13 8 V
4 13 9 S
4 13 10 T
4 13 11 Q
4 13 12 N
4 13 13 Q
4 13 14 S
4 13 15 L
15 15
5 13 4 G
5 13 5 Y
5 13 6 A
5 13 7 R
5 13 8 V
5 13 9 S
5 13 10 T
5 13 11 Q
5 13 12 N
5 13 13 Q
5 13 14 S
5 13 15 L
5 13 16 D
16 16
6 13 5 Y
6 13 6 A
6 13 7 R
6 13 8 V
6 13 9 S
6 13 10 T
6 13 11 Q
6 13 12 N
6 13 13 Q
6 13 14 S
6 13 15 L
6 13 16 D
6 13 17 G
17 17
1 14 0 M
1 14 1 A
1 14 2 K
1 14 3 I
1 14 4 G
1 14 5 Y
1 14 6 A
1 14 7 R
1 14 8 V
1 14 9 S
1 14 10 T
1 14 11 Q
1 14 12 N
1 14 13 Q
13 13
2 14 1 A
2 14 2 K
2 14 3 I
2 14 4 G
2 14 5 Y
2 14 6 A
2 14 7 R
2 14 8 V
2 14 9 S
2 14 10 T
2 14 11 Q
2 14 12 N
2 14 13 Q
2 14 14 S
14 14
3 14 2 K
3 14 3 I
3 14 4 G
3 14 5 Y
3 14 6 A
3 14 7 R
3 14 8 V
3 14 9 S
3 14 10 T
3 14 11 Q
3 14 12 N
3 14 13 Q
3 14 14 S
3 14 15 L
15 15
4 14 3 I
4 14 4 G
4 14 5 Y
4 14 6 A
4 14 7 R
4 14 8 V
4 14 9 S
4 14 10 T
4 14 11 Q
4 14 12 N
4 14 13 Q
4 14 14 S
4 14 15 L
4 14 16 D
16 16
5 14 4 G
5 14 5 Y
5 14 6 A
5 14 7 R
5 14 8 V
5 14 9 S
5 14 10 T
5 14 11 Q
5 14 12 N
5 14 13 Q
5 14 14 S
5 14 15 L
5 14 16 D
5 14 17 G
17 17
1 15 0 M
1 15 1 A
1 15 2 K
1 15 3 I
1 15 4 G
1 15 5 Y
1 15 6 A
1 15 7 R
1 15 8 V
1 15 9 S
1 15 10 T
1 15 11 Q
1 15 12 N
1 15 13 Q
1 15 14 S
14 14
2 15 1 A
2 15 2 K
2 15 3 I
2 15 4 G
2 15 5 Y
2 15 6 A
2 15 7 R
2 15 8 V
2 15 9 S
2 15 10 T
2 15 11 Q
2 15 12 N
2 15 13 Q
2 15 14 S
2 15 15 L
15 15
3 15 2 K
3 15 3 I
3 15 4 G
3 15 5 Y
3 15 6 A
3 15 7 R
3 15 8 V
3 15 9 S
3 15 10 T
3 15 11 Q
3 15 12 N
3 15 13 Q
3 15 14 S
3 15 15 L
3 15 16 D
16 16
4 15 3 I
4 15 4 G
4 15 5 Y
4 15 6 A
4 15 7 R
4 15 8 V
4 15 9 S
4 15 10 T
4 15 11 Q
4 15 12 N
4 15 13 Q
4 15 14 S
4 15 15 L
4 15 16 D
4 15 17 G
17 17
1 16 0 M
1 16 1 A
1 16 2 K
1 16 3 I
1 16 4 G
1 16 5 Y
1 16 6 A
1 16 7 R
1 16 8 V
1 16 9 S
1 16 10 T
1 16 11 Q
1 16 12 N
1 16 13 Q
1 16 14 S
1 16 15 L
15 15
2 16 1 A
2 16 2 K
2 16 3 I
2 16 4 G
2 16 5 Y
2 16 6 A
2 16 7 R
2 16 8 V
2 16 9 S
2 16 10 T
2 16 11 Q
2 16 12 N
2 16 13 Q
2 16 14 S
2 16 15 L
2 16 16 D
16 16
3 16 2 K
3 16 3 I
3 16 4 G
3 16 5 Y
3 16 6 A
3 16 7 R
3 16 8 V
3 16 9 S
3 16 10 T
3 16 11 Q
3 16 12 N
3 16 13 Q
3 16 14 S
3 16 15 L
3 16 16 D
3 16 17 G
17 17
1 17 0 M
1 17 1 A
1 17 2 K
1 17 3 I
1 17 4 G
1 17 5 Y
1 17 6 A
1 17 7 R
1 17 8 V
1 17 9 S
1 17 10 T
1 17 11 Q
1 17 12 N
1 17 13 Q
1 17 14 S
1 17 15 L
1 17 16 D
16 16
2 17 1 A
2 17 2 K
2 17 3 I
2 17 4 G
2 17 5 Y
2 17 6 A
2 17 7 R
2 17 8 V
2 17 9 S
2 17 10 T
2 17 11 Q
2 17 12 N
2 17 13 Q
2 17 14 S
2 17 15 L
2 17 16 D
2 17 17 G
17 17
1 18 0 M
1 18 1 A
1 18 2 K
1 18 3 I
1 18 4 G
1 18 5 Y
1 18 6 A
1 18 7 R
1 18 8 V
1 18 9 S
1 18 10 T
1 18 11 Q
1 18 12 N
1 18 13 Q
1 18 14 S
1 18 15 L
1 18 16 D
1 18 17 G
17 17
betaaggr
partition
AGG 0 AMYLO 3.13254 TURN 13.7494 HELIX 0.94665 HELAGG 0 BETA23.6751
