Do you want a prediction per residue?. If yes type Y. Default, N
Type the name of the file with the peptide names, conditions and sequence in one letter code and press Enter
Ficher = O05991
Nterm = N
Cterm = N
pH = 7
temperatura = 298
ionic = 0.1
Stability = 0
Concentration = 1
aminoacido = DITRQTVYSINKDRV
1 peptides run, last one O05991 N N 7.00 298.00 0.10 DITRQTVYSINKDRV
1 6 0 D
1 6 1 I
1 6 2 T
1 6 3 R
1 6 4 Q
1 6 5 T
5 5
2 6 1 I
2 6 2 T
2 6 3 R
2 6 4 Q
2 6 5 T
2 6 6 V
6 6
3 6 2 T
3 6 3 R
3 6 4 Q
3 6 5 T
3 6 6 V
3 6 7 Y
7 7
4 6 3 R
4 6 4 Q
4 6 5 T
4 6 6 V
4 6 7 Y
4 6 8 S
8 8
5 6 4 Q
5 6 5 T
5 6 6 V
5 6 7 Y
5 6 8 S
5 6 9 I
9 9
6 6 5 T
6 6 6 V
6 6 7 Y
6 6 8 S
6 6 9 I
6 6 10 N
10 10
7 6 6 V
7 6 7 Y
7 6 8 S
7 6 9 I
7 6 10 N
7 6 11 K
11 11
8 6 7 Y
8 6 8 S
8 6 9 I
8 6 10 N
8 6 11 K
8 6 12 D
12 12
9 6 8 S
9 6 9 I
9 6 10 N
9 6 11 K
9 6 12 D
9 6 13 R
13 13
10 6 9 I
10 6 10 N
10 6 11 K
10 6 12 D
10 6 13 R
10 6 14 V
14 14
1 7 0 D
1 7 1 I
1 7 2 T
1 7 3 R
1 7 4 Q
1 7 5 T
1 7 6 V
6 6
2 7 1 I
2 7 2 T
2 7 3 R
2 7 4 Q
2 7 5 T
2 7 6 V
2 7 7 Y
7 7
3 7 2 T
3 7 3 R
3 7 4 Q
3 7 5 T
3 7 6 V
3 7 7 Y
3 7 8 S
8 8
4 7 3 R
4 7 4 Q
4 7 5 T
4 7 6 V
4 7 7 Y
4 7 8 S
4 7 9 I
9 9
5 7 4 Q
5 7 5 T
5 7 6 V
5 7 7 Y
5 7 8 S
5 7 9 I
5 7 10 N
10 10
6 7 5 T
6 7 6 V
6 7 7 Y
6 7 8 S
6 7 9 I
6 7 10 N
6 7 11 K
11 11
7 7 6 V
7 7 7 Y
7 7 8 S
7 7 9 I
7 7 10 N
7 7 11 K
7 7 12 D
12 12
8 7 7 Y
8 7 8 S
8 7 9 I
8 7 10 N
8 7 11 K
8 7 12 D
8 7 13 R
13 13
9 7 8 S
9 7 9 I
9 7 10 N
9 7 11 K
9 7 12 D
9 7 13 R
9 7 14 V
14 14
1 8 0 D
1 8 1 I
1 8 2 T
1 8 3 R
1 8 4 Q
1 8 5 T
1 8 6 V
1 8 7 Y
7 7
2 8 1 I
2 8 2 T
2 8 3 R
2 8 4 Q
2 8 5 T
2 8 6 V
2 8 7 Y
2 8 8 S
8 8
3 8 2 T
3 8 3 R
3 8 4 Q
3 8 5 T
3 8 6 V
3 8 7 Y
3 8 8 S
3 8 9 I
9 9
4 8 3 R
4 8 4 Q
4 8 5 T
4 8 6 V
4 8 7 Y
4 8 8 S
4 8 9 I
4 8 10 N
10 10
5 8 4 Q
5 8 5 T
5 8 6 V
5 8 7 Y
5 8 8 S
5 8 9 I
5 8 10 N
5 8 11 K
11 11
6 8 5 T
6 8 6 V
6 8 7 Y
6 8 8 S
6 8 9 I
6 8 10 N
6 8 11 K
6 8 12 D
12 12
7 8 6 V
7 8 7 Y
7 8 8 S
7 8 9 I
7 8 10 N
7 8 11 K
7 8 12 D
7 8 13 R
13 13
8 8 7 Y
8 8 8 S
8 8 9 I
8 8 10 N
8 8 11 K
8 8 12 D
8 8 13 R
8 8 14 V
14 14
1 9 0 D
1 9 1 I
1 9 2 T
1 9 3 R
1 9 4 Q
1 9 5 T
1 9 6 V
1 9 7 Y
1 9 8 S
8 8
2 9 1 I
2 9 2 T
2 9 3 R
2 9 4 Q
2 9 5 T
2 9 6 V
2 9 7 Y
2 9 8 S
2 9 9 I
9 9
3 9 2 T
3 9 3 R
3 9 4 Q
3 9 5 T
3 9 6 V
3 9 7 Y
3 9 8 S
3 9 9 I
3 9 10 N
10 10
4 9 3 R
4 9 4 Q
4 9 5 T
4 9 6 V
4 9 7 Y
4 9 8 S
4 9 9 I
4 9 10 N
4 9 11 K
11 11
5 9 4 Q
5 9 5 T
5 9 6 V
5 9 7 Y
5 9 8 S
5 9 9 I
5 9 10 N
5 9 11 K
5 9 12 D
12 12
6 9 5 T
6 9 6 V
6 9 7 Y
6 9 8 S
6 9 9 I
6 9 10 N
6 9 11 K
6 9 12 D
6 9 13 R
13 13
7 9 6 V
7 9 7 Y
7 9 8 S
7 9 9 I
7 9 10 N
7 9 11 K
7 9 12 D
7 9 13 R
7 9 14 V
14 14
1 10 0 D
1 10 1 I
1 10 2 T
1 10 3 R
1 10 4 Q
1 10 5 T
1 10 6 V
1 10 7 Y
1 10 8 S
1 10 9 I
9 9
2 10 1 I
2 10 2 T
2 10 3 R
2 10 4 Q
2 10 5 T
2 10 6 V
2 10 7 Y
2 10 8 S
2 10 9 I
2 10 10 N
10 10
3 10 2 T
3 10 3 R
3 10 4 Q
3 10 5 T
3 10 6 V
3 10 7 Y
3 10 8 S
3 10 9 I
3 10 10 N
3 10 11 K
11 11
4 10 3 R
4 10 4 Q
4 10 5 T
4 10 6 V
4 10 7 Y
4 10 8 S
4 10 9 I
4 10 10 N
4 10 11 K
4 10 12 D
12 12
5 10 4 Q
5 10 5 T
5 10 6 V
5 10 7 Y
5 10 8 S
5 10 9 I
5 10 10 N
5 10 11 K
5 10 12 D
5 10 13 R
13 13
6 10 5 T
6 10 6 V
6 10 7 Y
6 10 8 S
6 10 9 I
6 10 10 N
6 10 11 K
6 10 12 D
6 10 13 R
6 10 14 V
14 14
1 11 0 D
1 11 1 I
1 11 2 T
1 11 3 R
1 11 4 Q
1 11 5 T
1 11 6 V
1 11 7 Y
1 11 8 S
1 11 9 I
1 11 10 N
10 10
2 11 1 I
2 11 2 T
2 11 3 R
2 11 4 Q
2 11 5 T
2 11 6 V
2 11 7 Y
2 11 8 S
2 11 9 I
2 11 10 N
2 11 11 K
11 11
3 11 2 T
3 11 3 R
3 11 4 Q
3 11 5 T
3 11 6 V
3 11 7 Y
3 11 8 S
3 11 9 I
3 11 10 N
3 11 11 K
3 11 12 D
12 12
4 11 3 R
4 11 4 Q
4 11 5 T
4 11 6 V
4 11 7 Y
4 11 8 S
4 11 9 I
4 11 10 N
4 11 11 K
4 11 12 D
4 11 13 R
13 13
5 11 4 Q
5 11 5 T
5 11 6 V
5 11 7 Y
5 11 8 S
5 11 9 I
5 11 10 N
5 11 11 K
5 11 12 D
5 11 13 R
5 11 14 V
14 14
1 12 0 D
1 12 1 I
1 12 2 T
1 12 3 R
1 12 4 Q
1 12 5 T
1 12 6 V
1 12 7 Y
1 12 8 S
1 12 9 I
1 12 10 N
1 12 11 K
11 11
2 12 1 I
2 12 2 T
2 12 3 R
2 12 4 Q
2 12 5 T
2 12 6 V
2 12 7 Y
2 12 8 S
2 12 9 I
2 12 10 N
2 12 11 K
2 12 12 D
12 12
3 12 2 T
3 12 3 R
3 12 4 Q
3 12 5 T
3 12 6 V
3 12 7 Y
3 12 8 S
3 12 9 I
3 12 10 N
3 12 11 K
3 12 12 D
3 12 13 R
13 13
4 12 3 R
4 12 4 Q
4 12 5 T
4 12 6 V
4 12 7 Y
4 12 8 S
4 12 9 I
4 12 10 N
4 12 11 K
4 12 12 D
4 12 13 R
4 12 14 V
14 14
1 13 0 D
1 13 1 I
1 13 2 T
1 13 3 R
1 13 4 Q
1 13 5 T
1 13 6 V
1 13 7 Y
1 13 8 S
1 13 9 I
1 13 10 N
1 13 11 K
1 13 12 D
12 12
2 13 1 I
2 13 2 T
2 13 3 R
2 13 4 Q
2 13 5 T
2 13 6 V
2 13 7 Y
2 13 8 S
2 13 9 I
2 13 10 N
2 13 11 K
2 13 12 D
2 13 13 R
13 13
3 13 2 T
3 13 3 R
3 13 4 Q
3 13 5 T
3 13 6 V
3 13 7 Y
3 13 8 S
3 13 9 I
3 13 10 N
3 13 11 K
3 13 12 D
3 13 13 R
3 13 14 V
14 14
1 14 0 D
1 14 1 I
1 14 2 T
1 14 3 R
1 14 4 Q
1 14 5 T
1 14 6 V
1 14 7 Y
1 14 8 S
1 14 9 I
1 14 10 N
1 14 11 K
1 14 12 D
1 14 13 R
13 13
2 14 1 I
2 14 2 T
2 14 3 R
2 14 4 Q
2 14 5 T
2 14 6 V
2 14 7 Y
2 14 8 S
2 14 9 I
2 14 10 N
2 14 11 K
2 14 12 D
2 14 13 R
2 14 14 V
14 14
1 15 0 D
1 15 1 I
1 15 2 T
1 15 3 R
1 15 4 Q
1 15 5 T
1 15 6 V
1 15 7 Y
1 15 8 S
1 15 9 I
1 15 10 N
1 15 11 K
1 15 12 D
1 15 13 R
1 15 14 V
14 14
betaaggr
partition
AGG 4.57437 AMYLO 0.0129259 TURN 11.2691 HELIX 0.702429 HELAGG 0 BETA68.9537
