Do you want a prediction per residue?. If yes type Y. Default, N
Type the name of the file with the peptide names, conditions and sequence in one letter code and press Enter
Ficher = P82022
Nterm = N
Cterm = N
pH = 7
temperatura = 298
ionic = 0.1
Stability = 0
Concentration = 1
aminoacido = GLLGTLGNLLNGLGL
1 peptides run, last one P82022 N N 7.00 298.00 0.10 GLLGTLGNLLNGLGL
1 6 0 G
1 6 1 L
1 6 2 L
1 6 3 G
1 6 4 T
1 6 5 L
5 5
2 6 1 L
2 6 2 L
2 6 3 G
2 6 4 T
2 6 5 L
2 6 6 G
6 6
3 6 2 L
3 6 3 G
3 6 4 T
3 6 5 L
3 6 6 G
3 6 7 N
7 7
4 6 3 G
4 6 4 T
4 6 5 L
4 6 6 G
4 6 7 N
4 6 8 L
8 8
5 6 4 T
5 6 5 L
5 6 6 G
5 6 7 N
5 6 8 L
5 6 9 L
9 9
6 6 5 L
6 6 6 G
6 6 7 N
6 6 8 L
6 6 9 L
6 6 10 N
10 10
7 6 6 G
7 6 7 N
7 6 8 L
7 6 9 L
7 6 10 N
7 6 11 G
11 11
8 6 7 N
8 6 8 L
8 6 9 L
8 6 10 N
8 6 11 G
8 6 12 L
12 12
9 6 8 L
9 6 9 L
9 6 10 N
9 6 11 G
9 6 12 L
9 6 13 G
13 13
10 6 9 L
10 6 10 N
10 6 11 G
10 6 12 L
10 6 13 G
10 6 14 L
14 14
1 7 0 G
1 7 1 L
1 7 2 L
1 7 3 G
1 7 4 T
1 7 5 L
1 7 6 G
6 6
2 7 1 L
2 7 2 L
2 7 3 G
2 7 4 T
2 7 5 L
2 7 6 G
2 7 7 N
7 7
3 7 2 L
3 7 3 G
3 7 4 T
3 7 5 L
3 7 6 G
3 7 7 N
3 7 8 L
8 8
4 7 3 G
4 7 4 T
4 7 5 L
4 7 6 G
4 7 7 N
4 7 8 L
4 7 9 L
9 9
5 7 4 T
5 7 5 L
5 7 6 G
5 7 7 N
5 7 8 L
5 7 9 L
5 7 10 N
10 10
6 7 5 L
6 7 6 G
6 7 7 N
6 7 8 L
6 7 9 L
6 7 10 N
6 7 11 G
11 11
7 7 6 G
7 7 7 N
7 7 8 L
7 7 9 L
7 7 10 N
7 7 11 G
7 7 12 L
12 12
8 7 7 N
8 7 8 L
8 7 9 L
8 7 10 N
8 7 11 G
8 7 12 L
8 7 13 G
13 13
9 7 8 L
9 7 9 L
9 7 10 N
9 7 11 G
9 7 12 L
9 7 13 G
9 7 14 L
14 14
1 8 0 G
1 8 1 L
1 8 2 L
1 8 3 G
1 8 4 T
1 8 5 L
1 8 6 G
1 8 7 N
7 7
2 8 1 L
2 8 2 L
2 8 3 G
2 8 4 T
2 8 5 L
2 8 6 G
2 8 7 N
2 8 8 L
8 8
3 8 2 L
3 8 3 G
3 8 4 T
3 8 5 L
3 8 6 G
3 8 7 N
3 8 8 L
3 8 9 L
9 9
4 8 3 G
4 8 4 T
4 8 5 L
4 8 6 G
4 8 7 N
4 8 8 L
4 8 9 L
4 8 10 N
10 10
5 8 4 T
5 8 5 L
5 8 6 G
5 8 7 N
5 8 8 L
5 8 9 L
5 8 10 N
5 8 11 G
11 11
6 8 5 L
6 8 6 G
6 8 7 N
6 8 8 L
6 8 9 L
6 8 10 N
6 8 11 G
6 8 12 L
12 12
7 8 6 G
7 8 7 N
7 8 8 L
7 8 9 L
7 8 10 N
7 8 11 G
7 8 12 L
7 8 13 G
13 13
8 8 7 N
8 8 8 L
8 8 9 L
8 8 10 N
8 8 11 G
8 8 12 L
8 8 13 G
8 8 14 L
14 14
1 9 0 G
1 9 1 L
1 9 2 L
1 9 3 G
1 9 4 T
1 9 5 L
1 9 6 G
1 9 7 N
1 9 8 L
8 8
2 9 1 L
2 9 2 L
2 9 3 G
2 9 4 T
2 9 5 L
2 9 6 G
2 9 7 N
2 9 8 L
2 9 9 L
9 9
3 9 2 L
3 9 3 G
3 9 4 T
3 9 5 L
3 9 6 G
3 9 7 N
3 9 8 L
3 9 9 L
3 9 10 N
10 10
4 9 3 G
4 9 4 T
4 9 5 L
4 9 6 G
4 9 7 N
4 9 8 L
4 9 9 L
4 9 10 N
4 9 11 G
11 11
5 9 4 T
5 9 5 L
5 9 6 G
5 9 7 N
5 9 8 L
5 9 9 L
5 9 10 N
5 9 11 G
5 9 12 L
12 12
6 9 5 L
6 9 6 G
6 9 7 N
6 9 8 L
6 9 9 L
6 9 10 N
6 9 11 G
6 9 12 L
6 9 13 G
13 13
7 9 6 G
7 9 7 N
7 9 8 L
7 9 9 L
7 9 10 N
7 9 11 G
7 9 12 L
7 9 13 G
7 9 14 L
14 14
1 10 0 G
1 10 1 L
1 10 2 L
1 10 3 G
1 10 4 T
1 10 5 L
1 10 6 G
1 10 7 N
1 10 8 L
1 10 9 L
9 9
2 10 1 L
2 10 2 L
2 10 3 G
2 10 4 T
2 10 5 L
2 10 6 G
2 10 7 N
2 10 8 L
2 10 9 L
2 10 10 N
10 10
3 10 2 L
3 10 3 G
3 10 4 T
3 10 5 L
3 10 6 G
3 10 7 N
3 10 8 L
3 10 9 L
3 10 10 N
3 10 11 G
11 11
4 10 3 G
4 10 4 T
4 10 5 L
4 10 6 G
4 10 7 N
4 10 8 L
4 10 9 L
4 10 10 N
4 10 11 G
4 10 12 L
12 12
5 10 4 T
5 10 5 L
5 10 6 G
5 10 7 N
5 10 8 L
5 10 9 L
5 10 10 N
5 10 11 G
5 10 12 L
5 10 13 G
13 13
6 10 5 L
6 10 6 G
6 10 7 N
6 10 8 L
6 10 9 L
6 10 10 N
6 10 11 G
6 10 12 L
6 10 13 G
6 10 14 L
14 14
1 11 0 G
1 11 1 L
1 11 2 L
1 11 3 G
1 11 4 T
1 11 5 L
1 11 6 G
1 11 7 N
1 11 8 L
1 11 9 L
1 11 10 N
10 10
2 11 1 L
2 11 2 L
2 11 3 G
2 11 4 T
2 11 5 L
2 11 6 G
2 11 7 N
2 11 8 L
2 11 9 L
2 11 10 N
2 11 11 G
11 11
3 11 2 L
3 11 3 G
3 11 4 T
3 11 5 L
3 11 6 G
3 11 7 N
3 11 8 L
3 11 9 L
3 11 10 N
3 11 11 G
3 11 12 L
12 12
4 11 3 G
4 11 4 T
4 11 5 L
4 11 6 G
4 11 7 N
4 11 8 L
4 11 9 L
4 11 10 N
4 11 11 G
4 11 12 L
4 11 13 G
13 13
5 11 4 T
5 11 5 L
5 11 6 G
5 11 7 N
5 11 8 L
5 11 9 L
5 11 10 N
5 11 11 G
5 11 12 L
5 11 13 G
5 11 14 L
14 14
1 12 0 G
1 12 1 L
1 12 2 L
1 12 3 G
1 12 4 T
1 12 5 L
1 12 6 G
1 12 7 N
1 12 8 L
1 12 9 L
1 12 10 N
1 12 11 G
11 11
2 12 1 L
2 12 2 L
2 12 3 G
2 12 4 T
2 12 5 L
2 12 6 G
2 12 7 N
2 12 8 L
2 12 9 L
2 12 10 N
2 12 11 G
2 12 12 L
12 12
3 12 2 L
3 12 3 G
3 12 4 T
3 12 5 L
3 12 6 G
3 12 7 N
3 12 8 L
3 12 9 L
3 12 10 N
3 12 11 G
3 12 12 L
3 12 13 G
13 13
4 12 3 G
4 12 4 T
4 12 5 L
4 12 6 G
4 12 7 N
4 12 8 L
4 12 9 L
4 12 10 N
4 12 11 G
4 12 12 L
4 12 13 G
4 12 14 L
14 14
1 13 0 G
1 13 1 L
1 13 2 L
1 13 3 G
1 13 4 T
1 13 5 L
1 13 6 G
1 13 7 N
1 13 8 L
1 13 9 L
1 13 10 N
1 13 11 G
1 13 12 L
12 12
2 13 1 L
2 13 2 L
2 13 3 G
2 13 4 T
2 13 5 L
2 13 6 G
2 13 7 N
2 13 8 L
2 13 9 L
2 13 10 N
2 13 11 G
2 13 12 L
2 13 13 G
13 13
3 13 2 L
3 13 3 G
3 13 4 T
3 13 5 L
3 13 6 G
3 13 7 N
3 13 8 L
3 13 9 L
3 13 10 N
3 13 11 G
3 13 12 L
3 13 13 G
3 13 14 L
14 14
1 14 0 G
1 14 1 L
1 14 2 L
1 14 3 G
1 14 4 T
1 14 5 L
1 14 6 G
1 14 7 N
1 14 8 L
1 14 9 L
1 14 10 N
1 14 11 G
1 14 12 L
1 14 13 G
13 13
2 14 1 L
2 14 2 L
2 14 3 G
2 14 4 T
2 14 5 L
2 14 6 G
2 14 7 N
2 14 8 L
2 14 9 L
2 14 10 N
2 14 11 G
2 14 12 L
2 14 13 G
2 14 14 L
14 14
1 15 0 G
1 15 1 L
1 15 2 L
1 15 3 G
1 15 4 T
1 15 5 L
1 15 6 G
1 15 7 N
1 15 8 L
1 15 9 L
1 15 10 N
1 15 11 G
1 15 12 L
1 15 13 G
1 15 14 L
14 14
betaaggr
partition
AGG 3.72163 AMYLO 1.0118e-09 TURN 12.1733 HELIX 3.23934 HELAGG 0 BETA2.51071
