Do you want a prediction per residue?. If yes type Y. Default, N
Type the name of the file with the peptide names, conditions and sequence in one letter code and press Enter
Ficher = P85220
Nterm = N
Cterm = N
pH = 7
temperatura = 298
ionic = 0.1
Stability = 0
Concentration = 1
aminoacido = MDFIIDIIKKIVGLFTGK
1 peptides run, last one P85220 N N 7.00 298.00 0.10 MDFIIDIIKKIVGLFTGK
1 6 0 M
1 6 1 D
1 6 2 F
1 6 3 I
1 6 4 I
1 6 5 D
5 5
2 6 1 D
2 6 2 F
2 6 3 I
2 6 4 I
2 6 5 D
2 6 6 I
6 6
3 6 2 F
3 6 3 I
3 6 4 I
3 6 5 D
3 6 6 I
3 6 7 I
7 7
4 6 3 I
4 6 4 I
4 6 5 D
4 6 6 I
4 6 7 I
4 6 8 K
8 8
5 6 4 I
5 6 5 D
5 6 6 I
5 6 7 I
5 6 8 K
5 6 9 K
9 9
6 6 5 D
6 6 6 I
6 6 7 I
6 6 8 K
6 6 9 K
6 6 10 I
10 10
7 6 6 I
7 6 7 I
7 6 8 K
7 6 9 K
7 6 10 I
7 6 11 V
11 11
8 6 7 I
8 6 8 K
8 6 9 K
8 6 10 I
8 6 11 V
8 6 12 G
12 12
9 6 8 K
9 6 9 K
9 6 10 I
9 6 11 V
9 6 12 G
9 6 13 L
13 13
10 6 9 K
10 6 10 I
10 6 11 V
10 6 12 G
10 6 13 L
10 6 14 F
14 14
11 6 10 I
11 6 11 V
11 6 12 G
11 6 13 L
11 6 14 F
11 6 15 T
15 15
12 6 11 V
12 6 12 G
12 6 13 L
12 6 14 F
12 6 15 T
12 6 16 G
16 16
13 6 12 G
13 6 13 L
13 6 14 F
13 6 15 T
13 6 16 G
13 6 17 K
17 17
1 7 0 M
1 7 1 D
1 7 2 F
1 7 3 I
1 7 4 I
1 7 5 D
1 7 6 I
6 6
2 7 1 D
2 7 2 F
2 7 3 I
2 7 4 I
2 7 5 D
2 7 6 I
2 7 7 I
7 7
3 7 2 F
3 7 3 I
3 7 4 I
3 7 5 D
3 7 6 I
3 7 7 I
3 7 8 K
8 8
4 7 3 I
4 7 4 I
4 7 5 D
4 7 6 I
4 7 7 I
4 7 8 K
4 7 9 K
9 9
5 7 4 I
5 7 5 D
5 7 6 I
5 7 7 I
5 7 8 K
5 7 9 K
5 7 10 I
10 10
6 7 5 D
6 7 6 I
6 7 7 I
6 7 8 K
6 7 9 K
6 7 10 I
6 7 11 V
11 11
7 7 6 I
7 7 7 I
7 7 8 K
7 7 9 K
7 7 10 I
7 7 11 V
7 7 12 G
12 12
8 7 7 I
8 7 8 K
8 7 9 K
8 7 10 I
8 7 11 V
8 7 12 G
8 7 13 L
13 13
9 7 8 K
9 7 9 K
9 7 10 I
9 7 11 V
9 7 12 G
9 7 13 L
9 7 14 F
14 14
10 7 9 K
10 7 10 I
10 7 11 V
10 7 12 G
10 7 13 L
10 7 14 F
10 7 15 T
15 15
11 7 10 I
11 7 11 V
11 7 12 G
11 7 13 L
11 7 14 F
11 7 15 T
11 7 16 G
16 16
12 7 11 V
12 7 12 G
12 7 13 L
12 7 14 F
12 7 15 T
12 7 16 G
12 7 17 K
17 17
1 8 0 M
1 8 1 D
1 8 2 F
1 8 3 I
1 8 4 I
1 8 5 D
1 8 6 I
1 8 7 I
7 7
2 8 1 D
2 8 2 F
2 8 3 I
2 8 4 I
2 8 5 D
2 8 6 I
2 8 7 I
2 8 8 K
8 8
3 8 2 F
3 8 3 I
3 8 4 I
3 8 5 D
3 8 6 I
3 8 7 I
3 8 8 K
3 8 9 K
9 9
4 8 3 I
4 8 4 I
4 8 5 D
4 8 6 I
4 8 7 I
4 8 8 K
4 8 9 K
4 8 10 I
10 10
5 8 4 I
5 8 5 D
5 8 6 I
5 8 7 I
5 8 8 K
5 8 9 K
5 8 10 I
5 8 11 V
11 11
6 8 5 D
6 8 6 I
6 8 7 I
6 8 8 K
6 8 9 K
6 8 10 I
6 8 11 V
6 8 12 G
12 12
7 8 6 I
7 8 7 I
7 8 8 K
7 8 9 K
7 8 10 I
7 8 11 V
7 8 12 G
7 8 13 L
13 13
8 8 7 I
8 8 8 K
8 8 9 K
8 8 10 I
8 8 11 V
8 8 12 G
8 8 13 L
8 8 14 F
14 14
9 8 8 K
9 8 9 K
9 8 10 I
9 8 11 V
9 8 12 G
9 8 13 L
9 8 14 F
9 8 15 T
15 15
10 8 9 K
10 8 10 I
10 8 11 V
10 8 12 G
10 8 13 L
10 8 14 F
10 8 15 T
10 8 16 G
16 16
11 8 10 I
11 8 11 V
11 8 12 G
11 8 13 L
11 8 14 F
11 8 15 T
11 8 16 G
11 8 17 K
17 17
1 9 0 M
1 9 1 D
1 9 2 F
1 9 3 I
1 9 4 I
1 9 5 D
1 9 6 I
1 9 7 I
1 9 8 K
8 8
2 9 1 D
2 9 2 F
2 9 3 I
2 9 4 I
2 9 5 D
2 9 6 I
2 9 7 I
2 9 8 K
2 9 9 K
9 9
3 9 2 F
3 9 3 I
3 9 4 I
3 9 5 D
3 9 6 I
3 9 7 I
3 9 8 K
3 9 9 K
3 9 10 I
10 10
4 9 3 I
4 9 4 I
4 9 5 D
4 9 6 I
4 9 7 I
4 9 8 K
4 9 9 K
4 9 10 I
4 9 11 V
11 11
5 9 4 I
5 9 5 D
5 9 6 I
5 9 7 I
5 9 8 K
5 9 9 K
5 9 10 I
5 9 11 V
5 9 12 G
12 12
6 9 5 D
6 9 6 I
6 9 7 I
6 9 8 K
6 9 9 K
6 9 10 I
6 9 11 V
6 9 12 G
6 9 13 L
13 13
7 9 6 I
7 9 7 I
7 9 8 K
7 9 9 K
7 9 10 I
7 9 11 V
7 9 12 G
7 9 13 L
7 9 14 F
14 14
8 9 7 I
8 9 8 K
8 9 9 K
8 9 10 I
8 9 11 V
8 9 12 G
8 9 13 L
8 9 14 F
8 9 15 T
15 15
9 9 8 K
9 9 9 K
9 9 10 I
9 9 11 V
9 9 12 G
9 9 13 L
9 9 14 F
9 9 15 T
9 9 16 G
16 16
10 9 9 K
10 9 10 I
10 9 11 V
10 9 12 G
10 9 13 L
10 9 14 F
10 9 15 T
10 9 16 G
10 9 17 K
17 17
1 10 0 M
1 10 1 D
1 10 2 F
1 10 3 I
1 10 4 I
1 10 5 D
1 10 6 I
1 10 7 I
1 10 8 K
1 10 9 K
9 9
2 10 1 D
2 10 2 F
2 10 3 I
2 10 4 I
2 10 5 D
2 10 6 I
2 10 7 I
2 10 8 K
2 10 9 K
2 10 10 I
10 10
3 10 2 F
3 10 3 I
3 10 4 I
3 10 5 D
3 10 6 I
3 10 7 I
3 10 8 K
3 10 9 K
3 10 10 I
3 10 11 V
11 11
4 10 3 I
4 10 4 I
4 10 5 D
4 10 6 I
4 10 7 I
4 10 8 K
4 10 9 K
4 10 10 I
4 10 11 V
4 10 12 G
12 12
5 10 4 I
5 10 5 D
5 10 6 I
5 10 7 I
5 10 8 K
5 10 9 K
5 10 10 I
5 10 11 V
5 10 12 G
5 10 13 L
13 13
6 10 5 D
6 10 6 I
6 10 7 I
6 10 8 K
6 10 9 K
6 10 10 I
6 10 11 V
6 10 12 G
6 10 13 L
6 10 14 F
14 14
7 10 6 I
7 10 7 I
7 10 8 K
7 10 9 K
7 10 10 I
7 10 11 V
7 10 12 G
7 10 13 L
7 10 14 F
7 10 15 T
15 15
8 10 7 I
8 10 8 K
8 10 9 K
8 10 10 I
8 10 11 V
8 10 12 G
8 10 13 L
8 10 14 F
8 10 15 T
8 10 16 G
16 16
9 10 8 K
9 10 9 K
9 10 10 I
9 10 11 V
9 10 12 G
9 10 13 L
9 10 14 F
9 10 15 T
9 10 16 G
9 10 17 K
17 17
1 11 0 M
1 11 1 D
1 11 2 F
1 11 3 I
1 11 4 I
1 11 5 D
1 11 6 I
1 11 7 I
1 11 8 K
1 11 9 K
1 11 10 I
10 10
2 11 1 D
2 11 2 F
2 11 3 I
2 11 4 I
2 11 5 D
2 11 6 I
2 11 7 I
2 11 8 K
2 11 9 K
2 11 10 I
2 11 11 V
11 11
3 11 2 F
3 11 3 I
3 11 4 I
3 11 5 D
3 11 6 I
3 11 7 I
3 11 8 K
3 11 9 K
3 11 10 I
3 11 11 V
3 11 12 G
12 12
4 11 3 I
4 11 4 I
4 11 5 D
4 11 6 I
4 11 7 I
4 11 8 K
4 11 9 K
4 11 10 I
4 11 11 V
4 11 12 G
4 11 13 L
13 13
5 11 4 I
5 11 5 D
5 11 6 I
5 11 7 I
5 11 8 K
5 11 9 K
5 11 10 I
5 11 11 V
5 11 12 G
5 11 13 L
5 11 14 F
14 14
6 11 5 D
6 11 6 I
6 11 7 I
6 11 8 K
6 11 9 K
6 11 10 I
6 11 11 V
6 11 12 G
6 11 13 L
6 11 14 F
6 11 15 T
15 15
7 11 6 I
7 11 7 I
7 11 8 K
7 11 9 K
7 11 10 I
7 11 11 V
7 11 12 G
7 11 13 L
7 11 14 F
7 11 15 T
7 11 16 G
16 16
8 11 7 I
8 11 8 K
8 11 9 K
8 11 10 I
8 11 11 V
8 11 12 G
8 11 13 L
8 11 14 F
8 11 15 T
8 11 16 G
8 11 17 K
17 17
1 12 0 M
1 12 1 D
1 12 2 F
1 12 3 I
1 12 4 I
1 12 5 D
1 12 6 I
1 12 7 I
1 12 8 K
1 12 9 K
1 12 10 I
1 12 11 V
11 11
2 12 1 D
2 12 2 F
2 12 3 I
2 12 4 I
2 12 5 D
2 12 6 I
2 12 7 I
2 12 8 K
2 12 9 K
2 12 10 I
2 12 11 V
2 12 12 G
12 12
3 12 2 F
3 12 3 I
3 12 4 I
3 12 5 D
3 12 6 I
3 12 7 I
3 12 8 K
3 12 9 K
3 12 10 I
3 12 11 V
3 12 12 G
3 12 13 L
13 13
4 12 3 I
4 12 4 I
4 12 5 D
4 12 6 I
4 12 7 I
4 12 8 K
4 12 9 K
4 12 10 I
4 12 11 V
4 12 12 G
4 12 13 L
4 12 14 F
14 14
5 12 4 I
5 12 5 D
5 12 6 I
5 12 7 I
5 12 8 K
5 12 9 K
5 12 10 I
5 12 11 V
5 12 12 G
5 12 13 L
5 12 14 F
5 12 15 T
15 15
6 12 5 D
6 12 6 I
6 12 7 I
6 12 8 K
6 12 9 K
6 12 10 I
6 12 11 V
6 12 12 G
6 12 13 L
6 12 14 F
6 12 15 T
6 12 16 G
16 16
7 12 6 I
7 12 7 I
7 12 8 K
7 12 9 K
7 12 10 I
7 12 11 V
7 12 12 G
7 12 13 L
7 12 14 F
7 12 15 T
7 12 16 G
7 12 17 K
17 17
1 13 0 M
1 13 1 D
1 13 2 F
1 13 3 I
1 13 4 I
1 13 5 D
1 13 6 I
1 13 7 I
1 13 8 K
1 13 9 K
1 13 10 I
1 13 11 V
1 13 12 G
12 12
2 13 1 D
2 13 2 F
2 13 3 I
2 13 4 I
2 13 5 D
2 13 6 I
2 13 7 I
2 13 8 K
2 13 9 K
2 13 10 I
2 13 11 V
2 13 12 G
2 13 13 L
13 13
3 13 2 F
3 13 3 I
3 13 4 I
3 13 5 D
3 13 6 I
3 13 7 I
3 13 8 K
3 13 9 K
3 13 10 I
3 13 11 V
3 13 12 G
3 13 13 L
3 13 14 F
14 14
4 13 3 I
4 13 4 I
4 13 5 D
4 13 6 I
4 13 7 I
4 13 8 K
4 13 9 K
4 13 10 I
4 13 11 V
4 13 12 G
4 13 13 L
4 13 14 F
4 13 15 T
15 15
5 13 4 I
5 13 5 D
5 13 6 I
5 13 7 I
5 13 8 K
5 13 9 K
5 13 10 I
5 13 11 V
5 13 12 G
5 13 13 L
5 13 14 F
5 13 15 T
5 13 16 G
16 16
6 13 5 D
6 13 6 I
6 13 7 I
6 13 8 K
6 13 9 K
6 13 10 I
6 13 11 V
6 13 12 G
6 13 13 L
6 13 14 F
6 13 15 T
6 13 16 G
6 13 17 K
17 17
1 14 0 M
1 14 1 D
1 14 2 F
1 14 3 I
1 14 4 I
1 14 5 D
1 14 6 I
1 14 7 I
1 14 8 K
1 14 9 K
1 14 10 I
1 14 11 V
1 14 12 G
1 14 13 L
13 13
2 14 1 D
2 14 2 F
2 14 3 I
2 14 4 I
2 14 5 D
2 14 6 I
2 14 7 I
2 14 8 K
2 14 9 K
2 14 10 I
2 14 11 V
2 14 12 G
2 14 13 L
2 14 14 F
14 14
3 14 2 F
3 14 3 I
3 14 4 I
3 14 5 D
3 14 6 I
3 14 7 I
3 14 8 K
3 14 9 K
3 14 10 I
3 14 11 V
3 14 12 G
3 14 13 L
3 14 14 F
3 14 15 T
15 15
4 14 3 I
4 14 4 I
4 14 5 D
4 14 6 I
4 14 7 I
4 14 8 K
4 14 9 K
4 14 10 I
4 14 11 V
4 14 12 G
4 14 13 L
4 14 14 F
4 14 15 T
4 14 16 G
16 16
5 14 4 I
5 14 5 D
5 14 6 I
5 14 7 I
5 14 8 K
5 14 9 K
5 14 10 I
5 14 11 V
5 14 12 G
5 14 13 L
5 14 14 F
5 14 15 T
5 14 16 G
5 14 17 K
17 17
1 15 0 M
1 15 1 D
1 15 2 F
1 15 3 I
1 15 4 I
1 15 5 D
1 15 6 I
1 15 7 I
1 15 8 K
1 15 9 K
1 15 10 I
1 15 11 V
1 15 12 G
1 15 13 L
1 15 14 F
14 14
2 15 1 D
2 15 2 F
2 15 3 I
2 15 4 I
2 15 5 D
2 15 6 I
2 15 7 I
2 15 8 K
2 15 9 K
2 15 10 I
2 15 11 V
2 15 12 G
2 15 13 L
2 15 14 F
2 15 15 T
15 15
3 15 2 F
3 15 3 I
3 15 4 I
3 15 5 D
3 15 6 I
3 15 7 I
3 15 8 K
3 15 9 K
3 15 10 I
3 15 11 V
3 15 12 G
3 15 13 L
3 15 14 F
3 15 15 T
3 15 16 G
16 16
4 15 3 I
4 15 4 I
4 15 5 D
4 15 6 I
4 15 7 I
4 15 8 K
4 15 9 K
4 15 10 I
4 15 11 V
4 15 12 G
4 15 13 L
4 15 14 F
4 15 15 T
4 15 16 G
4 15 17 K
17 17
1 16 0 M
1 16 1 D
1 16 2 F
1 16 3 I
1 16 4 I
1 16 5 D
1 16 6 I
1 16 7 I
1 16 8 K
1 16 9 K
1 16 10 I
1 16 11 V
1 16 12 G
1 16 13 L
1 16 14 F
1 16 15 T
15 15
2 16 1 D
2 16 2 F
2 16 3 I
2 16 4 I
2 16 5 D
2 16 6 I
2 16 7 I
2 16 8 K
2 16 9 K
2 16 10 I
2 16 11 V
2 16 12 G
2 16 13 L
2 16 14 F
2 16 15 T
2 16 16 G
16 16
3 16 2 F
3 16 3 I
3 16 4 I
3 16 5 D
3 16 6 I
3 16 7 I
3 16 8 K
3 16 9 K
3 16 10 I
3 16 11 V
3 16 12 G
3 16 13 L
3 16 14 F
3 16 15 T
3 16 16 G
3 16 17 K
17 17
1 17 0 M
1 17 1 D
1 17 2 F
1 17 3 I
1 17 4 I
1 17 5 D
1 17 6 I
1 17 7 I
1 17 8 K
1 17 9 K
1 17 10 I
1 17 11 V
1 17 12 G
1 17 13 L
1 17 14 F
1 17 15 T
1 17 16 G
16 16
2 17 1 D
2 17 2 F
2 17 3 I
2 17 4 I
2 17 5 D
2 17 6 I
2 17 7 I
2 17 8 K
2 17 9 K
2 17 10 I
2 17 11 V
2 17 12 G
2 17 13 L
2 17 14 F
2 17 15 T
2 17 16 G
2 17 17 K
17 17
1 18 0 M
1 18 1 D
1 18 2 F
1 18 3 I
1 18 4 I
1 18 5 D
1 18 6 I
1 18 7 I
1 18 8 K
1 18 9 K
1 18 10 I
1 18 11 V
1 18 12 G
1 18 13 L
1 18 14 F
1 18 15 T
1 18 16 G
1 18 17 K
17 17
betaaggr
partition
AGG 518.509 AMYLO 6914.76 TURN 1.39811 HELIX 29.7861 HELAGG 0 BETA55.5741
