Do you want a prediction per residue?. If yes type Y. Default, N
Type the name of the file with the peptide names, conditions and sequence in one letter code and press Enter
Ficher = Q49W58
Nterm = N
Cterm = N
pH = 7
temperatura = 298
ionic = 0.1
Stability = 0
Concentration = 1
aminoacido = MNLDFDAMYAYNLKRFQ
1 peptides run, last one Q49W58 N N 7.00 298.00 0.10 MNLDFDAMYAYNLKRFQ
1 6 0 M
1 6 1 N
1 6 2 L
1 6 3 D
1 6 4 F
1 6 5 D
5 5
2 6 1 N
2 6 2 L
2 6 3 D
2 6 4 F
2 6 5 D
2 6 6 A
3 6 2 L
3 6 3 D
3 6 4 F
3 6 5 D
3 6 6 A
3 6 7 M
7 7
4 6 3 D
4 6 4 F
4 6 5 D
4 6 6 A
4 6 7 M
4 6 8 Y
8 8
5 6 4 F
5 6 5 D
5 6 6 A
5 6 7 M
5 6 8 Y
5 6 9 A
6 6 5 D
6 6 6 A
6 6 7 M
6 6 8 Y
6 6 9 A
6 6 10 Y
7 6 6 A
7 6 7 M
7 6 8 Y
7 6 9 A
7 6 10 Y
7 6 11 N
11 11
8 6 7 M
8 6 8 Y
8 6 9 A
8 6 10 Y
8 6 11 N
8 6 12 L
12 12
9 6 8 Y
9 6 9 A
9 6 10 Y
9 6 11 N
9 6 12 L
9 6 13 K
10 6 9 A
10 6 10 Y
10 6 11 N
10 6 12 L
10 6 13 K
10 6 14 R
14 14
11 6 10 Y
11 6 11 N
11 6 12 L
11 6 13 K
11 6 14 R
11 6 15 F
15 15
12 6 11 N
12 6 12 L
12 6 13 K
12 6 14 R
12 6 15 F
12 6 16 Q
16 16
1 7 0 M
1 7 1 N
1 7 2 L
1 7 3 D
1 7 4 F
1 7 5 D
1 7 6 A
2 7 1 N
2 7 2 L
2 7 3 D
2 7 4 F
2 7 5 D
2 7 6 A
2 7 7 M
7 7
3 7 2 L
3 7 3 D
3 7 4 F
3 7 5 D
3 7 6 A
3 7 7 M
3 7 8 Y
8 8
4 7 3 D
4 7 4 F
4 7 5 D
4 7 6 A
4 7 7 M
4 7 8 Y
4 7 9 A
5 7 4 F
5 7 5 D
5 7 6 A
5 7 7 M
5 7 8 Y
5 7 9 A
5 7 10 Y
6 7 5 D
6 7 6 A
6 7 7 M
6 7 8 Y
6 7 9 A
6 7 10 Y
6 7 11 N
11 11
7 7 6 A
7 7 7 M
7 7 8 Y
7 7 9 A
7 7 10 Y
7 7 11 N
7 7 12 L
12 12
8 7 7 M
8 7 8 Y
8 7 9 A
8 7 10 Y
8 7 11 N
8 7 12 L
8 7 13 K
9 7 8 Y
9 7 9 A
9 7 10 Y
9 7 11 N
9 7 12 L
9 7 13 K
9 7 14 R
14 14
10 7 9 A
10 7 10 Y
10 7 11 N
10 7 12 L
10 7 13 K
10 7 14 R
10 7 15 F
15 15
11 7 10 Y
11 7 11 N
11 7 12 L
11 7 13 K
11 7 14 R
11 7 15 F
11 7 16 Q
16 16
1 8 0 M
1 8 1 N
1 8 2 L
1 8 3 D
1 8 4 F
1 8 5 D
1 8 6 A
1 8 7 M
7 7
2 8 1 N
2 8 2 L
2 8 3 D
2 8 4 F
2 8 5 D
2 8 6 A
2 8 7 M
2 8 8 Y
8 8
3 8 2 L
3 8 3 D
3 8 4 F
3 8 5 D
3 8 6 A
3 8 7 M
3 8 8 Y
3 8 9 A
4 8 3 D
4 8 4 F
4 8 5 D
4 8 6 A
4 8 7 M
4 8 8 Y
4 8 9 A
4 8 10 Y
5 8 4 F
5 8 5 D
5 8 6 A
5 8 7 M
5 8 8 Y
5 8 9 A
5 8 10 Y
5 8 11 N
11 11
6 8 5 D
6 8 6 A
6 8 7 M
6 8 8 Y
6 8 9 A
6 8 10 Y
6 8 11 N
6 8 12 L
12 12
7 8 6 A
7 8 7 M
7 8 8 Y
7 8 9 A
7 8 10 Y
7 8 11 N
7 8 12 L
7 8 13 K
8 8 7 M
8 8 8 Y
8 8 9 A
8 8 10 Y
8 8 11 N
8 8 12 L
8 8 13 K
8 8 14 R
14 14
9 8 8 Y
9 8 9 A
9 8 10 Y
9 8 11 N
9 8 12 L
9 8 13 K
9 8 14 R
9 8 15 F
15 15
10 8 9 A
10 8 10 Y
10 8 11 N
10 8 12 L
10 8 13 K
10 8 14 R
10 8 15 F
10 8 16 Q
16 16
1 9 0 M
1 9 1 N
1 9 2 L
1 9 3 D
1 9 4 F
1 9 5 D
1 9 6 A
1 9 7 M
1 9 8 Y
8 8
2 9 1 N
2 9 2 L
2 9 3 D
2 9 4 F
2 9 5 D
2 9 6 A
2 9 7 M
2 9 8 Y
2 9 9 A
3 9 2 L
3 9 3 D
3 9 4 F
3 9 5 D
3 9 6 A
3 9 7 M
3 9 8 Y
3 9 9 A
3 9 10 Y
4 9 3 D
4 9 4 F
4 9 5 D
4 9 6 A
4 9 7 M
4 9 8 Y
4 9 9 A
4 9 10 Y
4 9 11 N
11 11
5 9 4 F
5 9 5 D
5 9 6 A
5 9 7 M
5 9 8 Y
5 9 9 A
5 9 10 Y
5 9 11 N
5 9 12 L
12 12
6 9 5 D
6 9 6 A
6 9 7 M
6 9 8 Y
6 9 9 A
6 9 10 Y
6 9 11 N
6 9 12 L
6 9 13 K
7 9 6 A
7 9 7 M
7 9 8 Y
7 9 9 A
7 9 10 Y
7 9 11 N
7 9 12 L
7 9 13 K
7 9 14 R
14 14
8 9 7 M
8 9 8 Y
8 9 9 A
8 9 10 Y
8 9 11 N
8 9 12 L
8 9 13 K
8 9 14 R
8 9 15 F
15 15
9 9 8 Y
9 9 9 A
9 9 10 Y
9 9 11 N
9 9 12 L
9 9 13 K
9 9 14 R
9 9 15 F
9 9 16 Q
16 16
1 10 0 M
1 10 1 N
1 10 2 L
1 10 3 D
1 10 4 F
1 10 5 D
1 10 6 A
1 10 7 M
1 10 8 Y
1 10 9 A
2 10 1 N
2 10 2 L
2 10 3 D
2 10 4 F
2 10 5 D
2 10 6 A
2 10 7 M
2 10 8 Y
2 10 9 A
2 10 10 Y
3 10 2 L
3 10 3 D
3 10 4 F
3 10 5 D
3 10 6 A
3 10 7 M
3 10 8 Y
3 10 9 A
3 10 10 Y
3 10 11 N
11 11
4 10 3 D
4 10 4 F
4 10 5 D
4 10 6 A
4 10 7 M
4 10 8 Y
4 10 9 A
4 10 10 Y
4 10 11 N
4 10 12 L
12 12
5 10 4 F
5 10 5 D
5 10 6 A
5 10 7 M
5 10 8 Y
5 10 9 A
5 10 10 Y
5 10 11 N
5 10 12 L
5 10 13 K
6 10 5 D
6 10 6 A
6 10 7 M
6 10 8 Y
6 10 9 A
6 10 10 Y
6 10 11 N
6 10 12 L
6 10 13 K
6 10 14 R
14 14
7 10 6 A
7 10 7 M
7 10 8 Y
7 10 9 A
7 10 10 Y
7 10 11 N
7 10 12 L
7 10 13 K
7 10 14 R
7 10 15 F
15 15
8 10 7 M
8 10 8 Y
8 10 9 A
8 10 10 Y
8 10 11 N
8 10 12 L
8 10 13 K
8 10 14 R
8 10 15 F
8 10 16 Q
16 16
1 11 0 M
1 11 1 N
1 11 2 L
1 11 3 D
1 11 4 F
1 11 5 D
1 11 6 A
1 11 7 M
1 11 8 Y
1 11 9 A
1 11 10 Y
2 11 1 N
2 11 2 L
2 11 3 D
2 11 4 F
2 11 5 D
2 11 6 A
2 11 7 M
2 11 8 Y
2 11 9 A
2 11 10 Y
2 11 11 N
11 11
3 11 2 L
3 11 3 D
3 11 4 F
3 11 5 D
3 11 6 A
3 11 7 M
3 11 8 Y
3 11 9 A
3 11 10 Y
3 11 11 N
3 11 12 L
12 12
4 11 3 D
4 11 4 F
4 11 5 D
4 11 6 A
4 11 7 M
4 11 8 Y
4 11 9 A
4 11 10 Y
4 11 11 N
4 11 12 L
4 11 13 K
5 11 4 F
5 11 5 D
5 11 6 A
5 11 7 M
5 11 8 Y
5 11 9 A
5 11 10 Y
5 11 11 N
5 11 12 L
5 11 13 K
5 11 14 R
14 14
6 11 5 D
6 11 6 A
6 11 7 M
6 11 8 Y
6 11 9 A
6 11 10 Y
6 11 11 N
6 11 12 L
6 11 13 K
6 11 14 R
6 11 15 F
15 15
7 11 6 A
7 11 7 M
7 11 8 Y
7 11 9 A
7 11 10 Y
7 11 11 N
7 11 12 L
7 11 13 K
7 11 14 R
7 11 15 F
7 11 16 Q
16 16
1 12 0 M
1 12 1 N
1 12 2 L
1 12 3 D
1 12 4 F
1 12 5 D
1 12 6 A
1 12 7 M
1 12 8 Y
1 12 9 A
1 12 10 Y
1 12 11 N
11 11
2 12 1 N
2 12 2 L
2 12 3 D
2 12 4 F
2 12 5 D
2 12 6 A
2 12 7 M
2 12 8 Y
2 12 9 A
2 12 10 Y
2 12 11 N
2 12 12 L
12 12
3 12 2 L
3 12 3 D
3 12 4 F
3 12 5 D
3 12 6 A
3 12 7 M
3 12 8 Y
3 12 9 A
3 12 10 Y
3 12 11 N
3 12 12 L
3 12 13 K
4 12 3 D
4 12 4 F
4 12 5 D
4 12 6 A
4 12 7 M
4 12 8 Y
4 12 9 A
4 12 10 Y
4 12 11 N
4 12 12 L
4 12 13 K
4 12 14 R
14 14
5 12 4 F
5 12 5 D
5 12 6 A
5 12 7 M
5 12 8 Y
5 12 9 A
5 12 10 Y
5 12 11 N
5 12 12 L
5 12 13 K
5 12 14 R
5 12 15 F
15 15
6 12 5 D
6 12 6 A
6 12 7 M
6 12 8 Y
6 12 9 A
6 12 10 Y
6 12 11 N
6 12 12 L
6 12 13 K
6 12 14 R
6 12 15 F
6 12 16 Q
16 16
1 13 0 M
1 13 1 N
1 13 2 L
1 13 3 D
1 13 4 F
1 13 5 D
1 13 6 A
1 13 7 M
1 13 8 Y
1 13 9 A
1 13 10 Y
1 13 11 N
1 13 12 L
12 12
2 13 1 N
2 13 2 L
2 13 3 D
2 13 4 F
2 13 5 D
2 13 6 A
2 13 7 M
2 13 8 Y
2 13 9 A
2 13 10 Y
2 13 11 N
2 13 12 L
2 13 13 K
3 13 2 L
3 13 3 D
3 13 4 F
3 13 5 D
3 13 6 A
3 13 7 M
3 13 8 Y
3 13 9 A
3 13 10 Y
3 13 11 N
3 13 12 L
3 13 13 K
3 13 14 R
14 14
4 13 3 D
4 13 4 F
4 13 5 D
4 13 6 A
4 13 7 M
4 13 8 Y
4 13 9 A
4 13 10 Y
4 13 11 N
4 13 12 L
4 13 13 K
4 13 14 R
4 13 15 F
15 15
5 13 4 F
5 13 5 D
5 13 6 A
5 13 7 M
5 13 8 Y
5 13 9 A
5 13 10 Y
5 13 11 N
5 13 12 L
5 13 13 K
5 13 14 R
5 13 15 F
5 13 16 Q
16 16
1 14 0 M
1 14 1 N
1 14 2 L
1 14 3 D
1 14 4 F
1 14 5 D
1 14 6 A
1 14 7 M
1 14 8 Y
1 14 9 A
1 14 10 Y
1 14 11 N
1 14 12 L
1 14 13 K
2 14 1 N
2 14 2 L
2 14 3 D
2 14 4 F
2 14 5 D
2 14 6 A
2 14 7 M
2 14 8 Y
2 14 9 A
2 14 10 Y
2 14 11 N
2 14 12 L
2 14 13 K
2 14 14 R
14 14
3 14 2 L
3 14 3 D
3 14 4 F
3 14 5 D
3 14 6 A
3 14 7 M
3 14 8 Y
3 14 9 A
3 14 10 Y
3 14 11 N
3 14 12 L
3 14 13 K
3 14 14 R
3 14 15 F
15 15
4 14 3 D
4 14 4 F
4 14 5 D
4 14 6 A
4 14 7 M
4 14 8 Y
4 14 9 A
4 14 10 Y
4 14 11 N
4 14 12 L
4 14 13 K
4 14 14 R
4 14 15 F
4 14 16 Q
16 16
1 15 0 M
1 15 1 N
1 15 2 L
1 15 3 D
1 15 4 F
1 15 5 D
1 15 6 A
1 15 7 M
1 15 8 Y
1 15 9 A
1 15 10 Y
1 15 11 N
1 15 12 L
1 15 13 K
1 15 14 R
14 14
2 15 1 N
2 15 2 L
2 15 3 D
2 15 4 F
2 15 5 D
2 15 6 A
2 15 7 M
2 15 8 Y
2 15 9 A
2 15 10 Y
2 15 11 N
2 15 12 L
2 15 13 K
2 15 14 R
2 15 15 F
15 15
3 15 2 L
3 15 3 D
3 15 4 F
3 15 5 D
3 15 6 A
3 15 7 M
3 15 8 Y
3 15 9 A
3 15 10 Y
3 15 11 N
3 15 12 L
3 15 13 K
3 15 14 R
3 15 15 F
3 15 16 Q
16 16
1 16 0 M
1 16 1 N
1 16 2 L
1 16 3 D
1 16 4 F
1 16 5 D
1 16 6 A
1 16 7 M
1 16 8 Y
1 16 9 A
1 16 10 Y
1 16 11 N
1 16 12 L
1 16 13 K
1 16 14 R
1 16 15 F
15 15
2 16 1 N
2 16 2 L
2 16 3 D
2 16 4 F
2 16 5 D
2 16 6 A
2 16 7 M
2 16 8 Y
2 16 9 A
2 16 10 Y
2 16 11 N
2 16 12 L
2 16 13 K
2 16 14 R
2 16 15 F
2 16 16 Q
16 16
1 17 0 M
1 17 1 N
1 17 2 L
1 17 3 D
1 17 4 F
1 17 5 D
1 17 6 A
1 17 7 M
1 17 8 Y
1 17 9 A
1 17 10 Y
1 17 11 N
1 17 12 L
1 17 13 K
1 17 14 R
1 17 15 F
1 17 16 Q
16 16
betaaggr
partition
AGG 4.30185 AMYLO 2942.01 TURN 5.45382 HELIX 33.9871 HELAGG 0 BETA26.1994
