Do you want a prediction per residue?. If yes type Y. Default, N
Type the name of the file with the peptide names, conditions and sequence in one letter code and press Enter
Ficher = Q57294
Nterm = N
Cterm = N
pH = 7
temperatura = 298
ionic = 0.1
Stability = 0
Concentration = 1
aminoacido = MCTSIAVVEITLSHS
1 peptides run, last one Q57294 N N 7.00 298.00 0.10 MCTSIAVVEITLSHS
1 6 0 M
1 6 1 C
1 6 2 T
1 6 3 S
1 6 4 I
1 6 5 A
2 6 1 C
2 6 2 T
2 6 3 S
2 6 4 I
2 6 5 A
2 6 6 V
6 6
3 6 2 T
3 6 3 S
3 6 4 I
3 6 5 A
3 6 6 V
3 6 7 V
7 7
4 6 3 S
4 6 4 I
4 6 5 A
4 6 6 V
4 6 7 V
4 6 8 E
8 8
5 6 4 I
5 6 5 A
5 6 6 V
5 6 7 V
5 6 8 E
5 6 9 I
6 6 5 A
6 6 6 V
6 6 7 V
6 6 8 E
6 6 9 I
6 6 10 T
10 10
7 6 6 V
7 6 7 V
7 6 8 E
7 6 9 I
7 6 10 T
7 6 11 L
11 11
8 6 7 V
8 6 8 E
8 6 9 I
8 6 10 T
8 6 11 L
8 6 12 S
12 12
9 6 8 E
9 6 9 I
9 6 10 T
9 6 11 L
9 6 12 S
9 6 13 H
13 13
10 6 9 I
10 6 10 T
10 6 11 L
10 6 12 S
10 6 13 H
10 6 14 S
14 14
1 7 0 M
1 7 1 C
1 7 2 T
1 7 3 S
1 7 4 I
1 7 5 A
1 7 6 V
6 6
2 7 1 C
2 7 2 T
2 7 3 S
2 7 4 I
2 7 5 A
2 7 6 V
2 7 7 V
7 7
3 7 2 T
3 7 3 S
3 7 4 I
3 7 5 A
3 7 6 V
3 7 7 V
3 7 8 E
8 8
4 7 3 S
4 7 4 I
4 7 5 A
4 7 6 V
4 7 7 V
4 7 8 E
4 7 9 I
5 7 4 I
5 7 5 A
5 7 6 V
5 7 7 V
5 7 8 E
5 7 9 I
5 7 10 T
10 10
6 7 5 A
6 7 6 V
6 7 7 V
6 7 8 E
6 7 9 I
6 7 10 T
6 7 11 L
11 11
7 7 6 V
7 7 7 V
7 7 8 E
7 7 9 I
7 7 10 T
7 7 11 L
7 7 12 S
12 12
8 7 7 V
8 7 8 E
8 7 9 I
8 7 10 T
8 7 11 L
8 7 12 S
8 7 13 H
13 13
9 7 8 E
9 7 9 I
9 7 10 T
9 7 11 L
9 7 12 S
9 7 13 H
9 7 14 S
14 14
1 8 0 M
1 8 1 C
1 8 2 T
1 8 3 S
1 8 4 I
1 8 5 A
1 8 6 V
1 8 7 V
7 7
2 8 1 C
2 8 2 T
2 8 3 S
2 8 4 I
2 8 5 A
2 8 6 V
2 8 7 V
2 8 8 E
8 8
3 8 2 T
3 8 3 S
3 8 4 I
3 8 5 A
3 8 6 V
3 8 7 V
3 8 8 E
3 8 9 I
4 8 3 S
4 8 4 I
4 8 5 A
4 8 6 V
4 8 7 V
4 8 8 E
4 8 9 I
4 8 10 T
10 10
5 8 4 I
5 8 5 A
5 8 6 V
5 8 7 V
5 8 8 E
5 8 9 I
5 8 10 T
5 8 11 L
11 11
6 8 5 A
6 8 6 V
6 8 7 V
6 8 8 E
6 8 9 I
6 8 10 T
6 8 11 L
6 8 12 S
12 12
7 8 6 V
7 8 7 V
7 8 8 E
7 8 9 I
7 8 10 T
7 8 11 L
7 8 12 S
7 8 13 H
13 13
8 8 7 V
8 8 8 E
8 8 9 I
8 8 10 T
8 8 11 L
8 8 12 S
8 8 13 H
8 8 14 S
14 14
1 9 0 M
1 9 1 C
1 9 2 T
1 9 3 S
1 9 4 I
1 9 5 A
1 9 6 V
1 9 7 V
1 9 8 E
8 8
2 9 1 C
2 9 2 T
2 9 3 S
2 9 4 I
2 9 5 A
2 9 6 V
2 9 7 V
2 9 8 E
2 9 9 I
3 9 2 T
3 9 3 S
3 9 4 I
3 9 5 A
3 9 6 V
3 9 7 V
3 9 8 E
3 9 9 I
3 9 10 T
10 10
4 9 3 S
4 9 4 I
4 9 5 A
4 9 6 V
4 9 7 V
4 9 8 E
4 9 9 I
4 9 10 T
4 9 11 L
11 11
5 9 4 I
5 9 5 A
5 9 6 V
5 9 7 V
5 9 8 E
5 9 9 I
5 9 10 T
5 9 11 L
5 9 12 S
12 12
6 9 5 A
6 9 6 V
6 9 7 V
6 9 8 E
6 9 9 I
6 9 10 T
6 9 11 L
6 9 12 S
6 9 13 H
13 13
7 9 6 V
7 9 7 V
7 9 8 E
7 9 9 I
7 9 10 T
7 9 11 L
7 9 12 S
7 9 13 H
7 9 14 S
14 14
1 10 0 M
1 10 1 C
1 10 2 T
1 10 3 S
1 10 4 I
1 10 5 A
1 10 6 V
1 10 7 V
1 10 8 E
1 10 9 I
2 10 1 C
2 10 2 T
2 10 3 S
2 10 4 I
2 10 5 A
2 10 6 V
2 10 7 V
2 10 8 E
2 10 9 I
2 10 10 T
10 10
3 10 2 T
3 10 3 S
3 10 4 I
3 10 5 A
3 10 6 V
3 10 7 V
3 10 8 E
3 10 9 I
3 10 10 T
3 10 11 L
11 11
4 10 3 S
4 10 4 I
4 10 5 A
4 10 6 V
4 10 7 V
4 10 8 E
4 10 9 I
4 10 10 T
4 10 11 L
4 10 12 S
12 12
5 10 4 I
5 10 5 A
5 10 6 V
5 10 7 V
5 10 8 E
5 10 9 I
5 10 10 T
5 10 11 L
5 10 12 S
5 10 13 H
13 13
6 10 5 A
6 10 6 V
6 10 7 V
6 10 8 E
6 10 9 I
6 10 10 T
6 10 11 L
6 10 12 S
6 10 13 H
6 10 14 S
14 14
1 11 0 M
1 11 1 C
1 11 2 T
1 11 3 S
1 11 4 I
1 11 5 A
1 11 6 V
1 11 7 V
1 11 8 E
1 11 9 I
1 11 10 T
10 10
2 11 1 C
2 11 2 T
2 11 3 S
2 11 4 I
2 11 5 A
2 11 6 V
2 11 7 V
2 11 8 E
2 11 9 I
2 11 10 T
2 11 11 L
11 11
3 11 2 T
3 11 3 S
3 11 4 I
3 11 5 A
3 11 6 V
3 11 7 V
3 11 8 E
3 11 9 I
3 11 10 T
3 11 11 L
3 11 12 S
12 12
4 11 3 S
4 11 4 I
4 11 5 A
4 11 6 V
4 11 7 V
4 11 8 E
4 11 9 I
4 11 10 T
4 11 11 L
4 11 12 S
4 11 13 H
13 13
5 11 4 I
5 11 5 A
5 11 6 V
5 11 7 V
5 11 8 E
5 11 9 I
5 11 10 T
5 11 11 L
5 11 12 S
5 11 13 H
5 11 14 S
14 14
1 12 0 M
1 12 1 C
1 12 2 T
1 12 3 S
1 12 4 I
1 12 5 A
1 12 6 V
1 12 7 V
1 12 8 E
1 12 9 I
1 12 10 T
1 12 11 L
11 11
2 12 1 C
2 12 2 T
2 12 3 S
2 12 4 I
2 12 5 A
2 12 6 V
2 12 7 V
2 12 8 E
2 12 9 I
2 12 10 T
2 12 11 L
2 12 12 S
12 12
3 12 2 T
3 12 3 S
3 12 4 I
3 12 5 A
3 12 6 V
3 12 7 V
3 12 8 E
3 12 9 I
3 12 10 T
3 12 11 L
3 12 12 S
3 12 13 H
13 13
4 12 3 S
4 12 4 I
4 12 5 A
4 12 6 V
4 12 7 V
4 12 8 E
4 12 9 I
4 12 10 T
4 12 11 L
4 12 12 S
4 12 13 H
4 12 14 S
14 14
1 13 0 M
1 13 1 C
1 13 2 T
1 13 3 S
1 13 4 I
1 13 5 A
1 13 6 V
1 13 7 V
1 13 8 E
1 13 9 I
1 13 10 T
1 13 11 L
1 13 12 S
12 12
2 13 1 C
2 13 2 T
2 13 3 S
2 13 4 I
2 13 5 A
2 13 6 V
2 13 7 V
2 13 8 E
2 13 9 I
2 13 10 T
2 13 11 L
2 13 12 S
2 13 13 H
13 13
3 13 2 T
3 13 3 S
3 13 4 I
3 13 5 A
3 13 6 V
3 13 7 V
3 13 8 E
3 13 9 I
3 13 10 T
3 13 11 L
3 13 12 S
3 13 13 H
3 13 14 S
14 14
1 14 0 M
1 14 1 C
1 14 2 T
1 14 3 S
1 14 4 I
1 14 5 A
1 14 6 V
1 14 7 V
1 14 8 E
1 14 9 I
1 14 10 T
1 14 11 L
1 14 12 S
1 14 13 H
13 13
2 14 1 C
2 14 2 T
2 14 3 S
2 14 4 I
2 14 5 A
2 14 6 V
2 14 7 V
2 14 8 E
2 14 9 I
2 14 10 T
2 14 11 L
2 14 12 S
2 14 13 H
2 14 14 S
14 14
1 15 0 M
1 15 1 C
1 15 2 T
1 15 3 S
1 15 4 I
1 15 5 A
1 15 6 V
1 15 7 V
1 15 8 E
1 15 9 I
1 15 10 T
1 15 11 L
1 15 12 S
1 15 13 H
1 15 14 S
14 14
betaaggr
partition
AGG 139.318 AMYLO 10.5775 TURN 0.410044 HELIX 0 HELAGG 0 BETA106.876
