Do you want a prediction per residue?. If yes type Y. Default, N
Type the name of the file with the peptide names, conditions and sequence in one letter code and press Enter
Ficher = Q5DM87
Nterm = N
Cterm = N
pH = 7
temperatura = 298
ionic = 0.1
Stability = 0
Concentration = 1
aminoacido = NEFQDIINKVDDWI
1 peptides run, last one Q5DM87 N N 7.00 298.00 0.10 NEFQDIINKVDDWI
1 6 0 N
1 6 1 E
1 6 2 F
1 6 3 Q
1 6 4 D
1 6 5 I
5 5
2 6 1 E
2 6 2 F
2 6 3 Q
2 6 4 D
2 6 5 I
2 6 6 I
6 6
3 6 2 F
3 6 3 Q
3 6 4 D
3 6 5 I
3 6 6 I
3 6 7 N
7 7
4 6 3 Q
4 6 4 D
4 6 5 I
4 6 6 I
4 6 7 N
4 6 8 K
8 8
5 6 4 D
5 6 5 I
5 6 6 I
5 6 7 N
5 6 8 K
5 6 9 V
9 9
6 6 5 I
6 6 6 I
6 6 7 N
6 6 8 K
6 6 9 V
6 6 10 D
10 10
7 6 6 I
7 6 7 N
7 6 8 K
7 6 9 V
7 6 10 D
7 6 11 D
11 11
8 6 7 N
8 6 8 K
8 6 9 V
8 6 10 D
8 6 11 D
8 6 12 W
12 12
9 6 8 K
9 6 9 V
9 6 10 D
9 6 11 D
9 6 12 W
9 6 13 I
13 13
1 7 0 N
1 7 1 E
1 7 2 F
1 7 3 Q
1 7 4 D
1 7 5 I
1 7 6 I
6 6
2 7 1 E
2 7 2 F
2 7 3 Q
2 7 4 D
2 7 5 I
2 7 6 I
2 7 7 N
7 7
3 7 2 F
3 7 3 Q
3 7 4 D
3 7 5 I
3 7 6 I
3 7 7 N
3 7 8 K
8 8
4 7 3 Q
4 7 4 D
4 7 5 I
4 7 6 I
4 7 7 N
4 7 8 K
4 7 9 V
9 9
5 7 4 D
5 7 5 I
5 7 6 I
5 7 7 N
5 7 8 K
5 7 9 V
5 7 10 D
10 10
6 7 5 I
6 7 6 I
6 7 7 N
6 7 8 K
6 7 9 V
6 7 10 D
6 7 11 D
11 11
7 7 6 I
7 7 7 N
7 7 8 K
7 7 9 V
7 7 10 D
7 7 11 D
7 7 12 W
12 12
8 7 7 N
8 7 8 K
8 7 9 V
8 7 10 D
8 7 11 D
8 7 12 W
8 7 13 I
13 13
1 8 0 N
1 8 1 E
1 8 2 F
1 8 3 Q
1 8 4 D
1 8 5 I
1 8 6 I
1 8 7 N
7 7
2 8 1 E
2 8 2 F
2 8 3 Q
2 8 4 D
2 8 5 I
2 8 6 I
2 8 7 N
2 8 8 K
8 8
3 8 2 F
3 8 3 Q
3 8 4 D
3 8 5 I
3 8 6 I
3 8 7 N
3 8 8 K
3 8 9 V
9 9
4 8 3 Q
4 8 4 D
4 8 5 I
4 8 6 I
4 8 7 N
4 8 8 K
4 8 9 V
4 8 10 D
10 10
5 8 4 D
5 8 5 I
5 8 6 I
5 8 7 N
5 8 8 K
5 8 9 V
5 8 10 D
5 8 11 D
11 11
6 8 5 I
6 8 6 I
6 8 7 N
6 8 8 K
6 8 9 V
6 8 10 D
6 8 11 D
6 8 12 W
12 12
7 8 6 I
7 8 7 N
7 8 8 K
7 8 9 V
7 8 10 D
7 8 11 D
7 8 12 W
7 8 13 I
13 13
1 9 0 N
1 9 1 E
1 9 2 F
1 9 3 Q
1 9 4 D
1 9 5 I
1 9 6 I
1 9 7 N
1 9 8 K
8 8
2 9 1 E
2 9 2 F
2 9 3 Q
2 9 4 D
2 9 5 I
2 9 6 I
2 9 7 N
2 9 8 K
2 9 9 V
9 9
3 9 2 F
3 9 3 Q
3 9 4 D
3 9 5 I
3 9 6 I
3 9 7 N
3 9 8 K
3 9 9 V
3 9 10 D
10 10
4 9 3 Q
4 9 4 D
4 9 5 I
4 9 6 I
4 9 7 N
4 9 8 K
4 9 9 V
4 9 10 D
4 9 11 D
11 11
5 9 4 D
5 9 5 I
5 9 6 I
5 9 7 N
5 9 8 K
5 9 9 V
5 9 10 D
5 9 11 D
5 9 12 W
12 12
6 9 5 I
6 9 6 I
6 9 7 N
6 9 8 K
6 9 9 V
6 9 10 D
6 9 11 D
6 9 12 W
6 9 13 I
13 13
1 10 0 N
1 10 1 E
1 10 2 F
1 10 3 Q
1 10 4 D
1 10 5 I
1 10 6 I
1 10 7 N
1 10 8 K
1 10 9 V
9 9
2 10 1 E
2 10 2 F
2 10 3 Q
2 10 4 D
2 10 5 I
2 10 6 I
2 10 7 N
2 10 8 K
2 10 9 V
2 10 10 D
10 10
3 10 2 F
3 10 3 Q
3 10 4 D
3 10 5 I
3 10 6 I
3 10 7 N
3 10 8 K
3 10 9 V
3 10 10 D
3 10 11 D
11 11
4 10 3 Q
4 10 4 D
4 10 5 I
4 10 6 I
4 10 7 N
4 10 8 K
4 10 9 V
4 10 10 D
4 10 11 D
4 10 12 W
12 12
5 10 4 D
5 10 5 I
5 10 6 I
5 10 7 N
5 10 8 K
5 10 9 V
5 10 10 D
5 10 11 D
5 10 12 W
5 10 13 I
13 13
1 11 0 N
1 11 1 E
1 11 2 F
1 11 3 Q
1 11 4 D
1 11 5 I
1 11 6 I
1 11 7 N
1 11 8 K
1 11 9 V
1 11 10 D
10 10
2 11 1 E
2 11 2 F
2 11 3 Q
2 11 4 D
2 11 5 I
2 11 6 I
2 11 7 N
2 11 8 K
2 11 9 V
2 11 10 D
2 11 11 D
11 11
3 11 2 F
3 11 3 Q
3 11 4 D
3 11 5 I
3 11 6 I
3 11 7 N
3 11 8 K
3 11 9 V
3 11 10 D
3 11 11 D
3 11 12 W
12 12
4 11 3 Q
4 11 4 D
4 11 5 I
4 11 6 I
4 11 7 N
4 11 8 K
4 11 9 V
4 11 10 D
4 11 11 D
4 11 12 W
4 11 13 I
13 13
1 12 0 N
1 12 1 E
1 12 2 F
1 12 3 Q
1 12 4 D
1 12 5 I
1 12 6 I
1 12 7 N
1 12 8 K
1 12 9 V
1 12 10 D
1 12 11 D
11 11
2 12 1 E
2 12 2 F
2 12 3 Q
2 12 4 D
2 12 5 I
2 12 6 I
2 12 7 N
2 12 8 K
2 12 9 V
2 12 10 D
2 12 11 D
2 12 12 W
12 12
3 12 2 F
3 12 3 Q
3 12 4 D
3 12 5 I
3 12 6 I
3 12 7 N
3 12 8 K
3 12 9 V
3 12 10 D
3 12 11 D
3 12 12 W
3 12 13 I
13 13
1 13 0 N
1 13 1 E
1 13 2 F
1 13 3 Q
1 13 4 D
1 13 5 I
1 13 6 I
1 13 7 N
1 13 8 K
1 13 9 V
1 13 10 D
1 13 11 D
1 13 12 W
12 12
2 13 1 E
2 13 2 F
2 13 3 Q
2 13 4 D
2 13 5 I
2 13 6 I
2 13 7 N
2 13 8 K
2 13 9 V
2 13 10 D
2 13 11 D
2 13 12 W
2 13 13 I
13 13
1 14 0 N
1 14 1 E
1 14 2 F
1 14 3 Q
1 14 4 D
1 14 5 I
1 14 6 I
1 14 7 N
1 14 8 K
1 14 9 V
1 14 10 D
1 14 11 D
1 14 12 W
1 14 13 I
13 13
betaaggr
partition
AGG 0 AMYLO 3.34139 TURN 3.03601 HELIX 11.0896 HELAGG 0 BETA24.2555
