Do you want a prediction per residue?. If yes type Y. Default, N
Type the name of the file with the peptide names, conditions and sequence in one letter code and press Enter
Ficher = Q79DU1
Nterm = N
Cterm = N
pH = 7
temperatura = 298
ionic = 0.1
Stability = 0
Concentration = 1
aminoacido = MKKLIFLIVIALVLSA
1 peptides run, last one Q79DU1 N N 7.00 298.00 0.10 MKKLIFLIVIALVLSA
1 6 0 M
1 6 1 K
1 6 2 K
1 6 3 L
1 6 4 I
1 6 5 F
5 5
2 6 1 K
2 6 2 K
2 6 3 L
2 6 4 I
2 6 5 F
2 6 6 L
6 6
3 6 2 K
3 6 3 L
3 6 4 I
3 6 5 F
3 6 6 L
3 6 7 I
7 7
4 6 3 L
4 6 4 I
4 6 5 F
4 6 6 L
4 6 7 I
4 6 8 V
8 8
5 6 4 I
5 6 5 F
5 6 6 L
5 6 7 I
5 6 8 V
5 6 9 I
9 9
6 6 5 F
6 6 6 L
6 6 7 I
6 6 8 V
6 6 9 I
6 6 10 A
7 6 6 L
7 6 7 I
7 6 8 V
7 6 9 I
7 6 10 A
7 6 11 L
11 11
8 6 7 I
8 6 8 V
8 6 9 I
8 6 10 A
8 6 11 L
8 6 12 V
12 12
9 6 8 V
9 6 9 I
9 6 10 A
9 6 11 L
9 6 12 V
9 6 13 L
13 13
10 6 9 I
10 6 10 A
10 6 11 L
10 6 12 V
10 6 13 L
10 6 14 S
11 6 10 A
11 6 11 L
11 6 12 V
11 6 13 L
11 6 14 S
11 6 15 A
1 7 0 M
1 7 1 K
1 7 2 K
1 7 3 L
1 7 4 I
1 7 5 F
1 7 6 L
6 6
2 7 1 K
2 7 2 K
2 7 3 L
2 7 4 I
2 7 5 F
2 7 6 L
2 7 7 I
7 7
3 7 2 K
3 7 3 L
3 7 4 I
3 7 5 F
3 7 6 L
3 7 7 I
3 7 8 V
8 8
4 7 3 L
4 7 4 I
4 7 5 F
4 7 6 L
4 7 7 I
4 7 8 V
4 7 9 I
9 9
5 7 4 I
5 7 5 F
5 7 6 L
5 7 7 I
5 7 8 V
5 7 9 I
5 7 10 A
6 7 5 F
6 7 6 L
6 7 7 I
6 7 8 V
6 7 9 I
6 7 10 A
6 7 11 L
11 11
7 7 6 L
7 7 7 I
7 7 8 V
7 7 9 I
7 7 10 A
7 7 11 L
7 7 12 V
12 12
8 7 7 I
8 7 8 V
8 7 9 I
8 7 10 A
8 7 11 L
8 7 12 V
8 7 13 L
13 13
9 7 8 V
9 7 9 I
9 7 10 A
9 7 11 L
9 7 12 V
9 7 13 L
9 7 14 S
10 7 9 I
10 7 10 A
10 7 11 L
10 7 12 V
10 7 13 L
10 7 14 S
10 7 15 A
1 8 0 M
1 8 1 K
1 8 2 K
1 8 3 L
1 8 4 I
1 8 5 F
1 8 6 L
1 8 7 I
7 7
2 8 1 K
2 8 2 K
2 8 3 L
2 8 4 I
2 8 5 F
2 8 6 L
2 8 7 I
2 8 8 V
8 8
3 8 2 K
3 8 3 L
3 8 4 I
3 8 5 F
3 8 6 L
3 8 7 I
3 8 8 V
3 8 9 I
9 9
4 8 3 L
4 8 4 I
4 8 5 F
4 8 6 L
4 8 7 I
4 8 8 V
4 8 9 I
4 8 10 A
5 8 4 I
5 8 5 F
5 8 6 L
5 8 7 I
5 8 8 V
5 8 9 I
5 8 10 A
5 8 11 L
11 11
6 8 5 F
6 8 6 L
6 8 7 I
6 8 8 V
6 8 9 I
6 8 10 A
6 8 11 L
6 8 12 V
12 12
7 8 6 L
7 8 7 I
7 8 8 V
7 8 9 I
7 8 10 A
7 8 11 L
7 8 12 V
7 8 13 L
13 13
8 8 7 I
8 8 8 V
8 8 9 I
8 8 10 A
8 8 11 L
8 8 12 V
8 8 13 L
8 8 14 S
9 8 8 V
9 8 9 I
9 8 10 A
9 8 11 L
9 8 12 V
9 8 13 L
9 8 14 S
9 8 15 A
1 9 0 M
1 9 1 K
1 9 2 K
1 9 3 L
1 9 4 I
1 9 5 F
1 9 6 L
1 9 7 I
1 9 8 V
8 8
2 9 1 K
2 9 2 K
2 9 3 L
2 9 4 I
2 9 5 F
2 9 6 L
2 9 7 I
2 9 8 V
2 9 9 I
9 9
3 9 2 K
3 9 3 L
3 9 4 I
3 9 5 F
3 9 6 L
3 9 7 I
3 9 8 V
3 9 9 I
3 9 10 A
4 9 3 L
4 9 4 I
4 9 5 F
4 9 6 L
4 9 7 I
4 9 8 V
4 9 9 I
4 9 10 A
4 9 11 L
11 11
5 9 4 I
5 9 5 F
5 9 6 L
5 9 7 I
5 9 8 V
5 9 9 I
5 9 10 A
5 9 11 L
5 9 12 V
12 12
6 9 5 F
6 9 6 L
6 9 7 I
6 9 8 V
6 9 9 I
6 9 10 A
6 9 11 L
6 9 12 V
6 9 13 L
13 13
7 9 6 L
7 9 7 I
7 9 8 V
7 9 9 I
7 9 10 A
7 9 11 L
7 9 12 V
7 9 13 L
7 9 14 S
8 9 7 I
8 9 8 V
8 9 9 I
8 9 10 A
8 9 11 L
8 9 12 V
8 9 13 L
8 9 14 S
8 9 15 A
1 10 0 M
1 10 1 K
1 10 2 K
1 10 3 L
1 10 4 I
1 10 5 F
1 10 6 L
1 10 7 I
1 10 8 V
1 10 9 I
9 9
2 10 1 K
2 10 2 K
2 10 3 L
2 10 4 I
2 10 5 F
2 10 6 L
2 10 7 I
2 10 8 V
2 10 9 I
2 10 10 A
3 10 2 K
3 10 3 L
3 10 4 I
3 10 5 F
3 10 6 L
3 10 7 I
3 10 8 V
3 10 9 I
3 10 10 A
3 10 11 L
11 11
4 10 3 L
4 10 4 I
4 10 5 F
4 10 6 L
4 10 7 I
4 10 8 V
4 10 9 I
4 10 10 A
4 10 11 L
4 10 12 V
12 12
5 10 4 I
5 10 5 F
5 10 6 L
5 10 7 I
5 10 8 V
5 10 9 I
5 10 10 A
5 10 11 L
5 10 12 V
5 10 13 L
13 13
6 10 5 F
6 10 6 L
6 10 7 I
6 10 8 V
6 10 9 I
6 10 10 A
6 10 11 L
6 10 12 V
6 10 13 L
6 10 14 S
7 10 6 L
7 10 7 I
7 10 8 V
7 10 9 I
7 10 10 A
7 10 11 L
7 10 12 V
7 10 13 L
7 10 14 S
7 10 15 A
1 11 0 M
1 11 1 K
1 11 2 K
1 11 3 L
1 11 4 I
1 11 5 F
1 11 6 L
1 11 7 I
1 11 8 V
1 11 9 I
1 11 10 A
2 11 1 K
2 11 2 K
2 11 3 L
2 11 4 I
2 11 5 F
2 11 6 L
2 11 7 I
2 11 8 V
2 11 9 I
2 11 10 A
2 11 11 L
11 11
3 11 2 K
3 11 3 L
3 11 4 I
3 11 5 F
3 11 6 L
3 11 7 I
3 11 8 V
3 11 9 I
3 11 10 A
3 11 11 L
3 11 12 V
12 12
4 11 3 L
4 11 4 I
4 11 5 F
4 11 6 L
4 11 7 I
4 11 8 V
4 11 9 I
4 11 10 A
4 11 11 L
4 11 12 V
4 11 13 L
13 13
5 11 4 I
5 11 5 F
5 11 6 L
5 11 7 I
5 11 8 V
5 11 9 I
5 11 10 A
5 11 11 L
5 11 12 V
5 11 13 L
5 11 14 S
6 11 5 F
6 11 6 L
6 11 7 I
6 11 8 V
6 11 9 I
6 11 10 A
6 11 11 L
6 11 12 V
6 11 13 L
6 11 14 S
6 11 15 A
1 12 0 M
1 12 1 K
1 12 2 K
1 12 3 L
1 12 4 I
1 12 5 F
1 12 6 L
1 12 7 I
1 12 8 V
1 12 9 I
1 12 10 A
1 12 11 L
11 11
2 12 1 K
2 12 2 K
2 12 3 L
2 12 4 I
2 12 5 F
2 12 6 L
2 12 7 I
2 12 8 V
2 12 9 I
2 12 10 A
2 12 11 L
2 12 12 V
12 12
3 12 2 K
3 12 3 L
3 12 4 I
3 12 5 F
3 12 6 L
3 12 7 I
3 12 8 V
3 12 9 I
3 12 10 A
3 12 11 L
3 12 12 V
3 12 13 L
13 13
4 12 3 L
4 12 4 I
4 12 5 F
4 12 6 L
4 12 7 I
4 12 8 V
4 12 9 I
4 12 10 A
4 12 11 L
4 12 12 V
4 12 13 L
4 12 14 S
5 12 4 I
5 12 5 F
5 12 6 L
5 12 7 I
5 12 8 V
5 12 9 I
5 12 10 A
5 12 11 L
5 12 12 V
5 12 13 L
5 12 14 S
5 12 15 A
1 13 0 M
1 13 1 K
1 13 2 K
1 13 3 L
1 13 4 I
1 13 5 F
1 13 6 L
1 13 7 I
1 13 8 V
1 13 9 I
1 13 10 A
1 13 11 L
1 13 12 V
12 12
2 13 1 K
2 13 2 K
2 13 3 L
2 13 4 I
2 13 5 F
2 13 6 L
2 13 7 I
2 13 8 V
2 13 9 I
2 13 10 A
2 13 11 L
2 13 12 V
2 13 13 L
13 13
3 13 2 K
3 13 3 L
3 13 4 I
3 13 5 F
3 13 6 L
3 13 7 I
3 13 8 V
3 13 9 I
3 13 10 A
3 13 11 L
3 13 12 V
3 13 13 L
3 13 14 S
4 13 3 L
4 13 4 I
4 13 5 F
4 13 6 L
4 13 7 I
4 13 8 V
4 13 9 I
4 13 10 A
4 13 11 L
4 13 12 V
4 13 13 L
4 13 14 S
4 13 15 A
1 14 0 M
1 14 1 K
1 14 2 K
1 14 3 L
1 14 4 I
1 14 5 F
1 14 6 L
1 14 7 I
1 14 8 V
1 14 9 I
1 14 10 A
1 14 11 L
1 14 12 V
1 14 13 L
13 13
2 14 1 K
2 14 2 K
2 14 3 L
2 14 4 I
2 14 5 F
2 14 6 L
2 14 7 I
2 14 8 V
2 14 9 I
2 14 10 A
2 14 11 L
2 14 12 V
2 14 13 L
2 14 14 S
3 14 2 K
3 14 3 L
3 14 4 I
3 14 5 F
3 14 6 L
3 14 7 I
3 14 8 V
3 14 9 I
3 14 10 A
3 14 11 L
3 14 12 V
3 14 13 L
3 14 14 S
3 14 15 A
1 15 0 M
1 15 1 K
1 15 2 K
1 15 3 L
1 15 4 I
1 15 5 F
1 15 6 L
1 15 7 I
1 15 8 V
1 15 9 I
1 15 10 A
1 15 11 L
1 15 12 V
1 15 13 L
1 15 14 S
2 15 1 K
2 15 2 K
2 15 3 L
2 15 4 I
2 15 5 F
2 15 6 L
2 15 7 I
2 15 8 V
2 15 9 I
2 15 10 A
2 15 11 L
2 15 12 V
2 15 13 L
2 15 14 S
2 15 15 A
1 16 0 M
1 16 1 K
1 16 2 K
1 16 3 L
1 16 4 I
1 16 5 F
1 16 6 L
1 16 7 I
1 16 8 V
1 16 9 I
1 16 10 A
1 16 11 L
1 16 12 V
1 16 13 L
1 16 14 S
1 16 15 A
betaaggr
partition
AGG 1089.28 AMYLO 2334.64 TURN 0.2914 HELIX 12.0349 HELAGG 5.98443e-05 BETA67.4151
