Do you want a prediction per residue?. If yes type Y. Default, N
Type the name of the file with the peptide names, conditions and sequence in one letter code and press Enter
Ficher = Q936D0
Nterm = N
Cterm = N
pH = 7
temperatura = 298
ionic = 0.1
Stability = 0
Concentration = 1
aminoacido = VDCATQEEVIELVNNYVK
1 peptides run, last one Q936D0 N N 7.00 298.00 0.10 VDCATQEEVIELVNNYVK
1 6 0 V
1 6 1 D
1 6 2 C
1 6 3 A
1 6 4 T
1 6 5 Q
5 5
2 6 1 D
2 6 2 C
2 6 3 A
2 6 4 T
2 6 5 Q
2 6 6 E
6 6
3 6 2 C
3 6 3 A
3 6 4 T
3 6 5 Q
3 6 6 E
3 6 7 E
4 6 3 A
4 6 4 T
4 6 5 Q
4 6 6 E
4 6 7 E
4 6 8 V
8 8
5 6 4 T
5 6 5 Q
5 6 6 E
5 6 7 E
5 6 8 V
5 6 9 I
9 9
6 6 5 Q
6 6 6 E
6 6 7 E
6 6 8 V
6 6 9 I
6 6 10 E
10 10
7 6 6 E
7 6 7 E
7 6 8 V
7 6 9 I
7 6 10 E
7 6 11 L
11 11
8 6 7 E
8 6 8 V
8 6 9 I
8 6 10 E
8 6 11 L
8 6 12 V
12 12
9 6 8 V
9 6 9 I
9 6 10 E
9 6 11 L
9 6 12 V
9 6 13 N
13 13
10 6 9 I
10 6 10 E
10 6 11 L
10 6 12 V
10 6 13 N
10 6 14 N
14 14
11 6 10 E
11 6 11 L
11 6 12 V
11 6 13 N
11 6 14 N
11 6 15 Y
15 15
12 6 11 L
12 6 12 V
12 6 13 N
12 6 14 N
12 6 15 Y
12 6 16 V
16 16
13 6 12 V
13 6 13 N
13 6 14 N
13 6 15 Y
13 6 16 V
13 6 17 K
17 17
1 7 0 V
1 7 1 D
1 7 2 C
1 7 3 A
1 7 4 T
1 7 5 Q
1 7 6 E
6 6
2 7 1 D
2 7 2 C
2 7 3 A
2 7 4 T
2 7 5 Q
2 7 6 E
2 7 7 E
3 7 2 C
3 7 3 A
3 7 4 T
3 7 5 Q
3 7 6 E
3 7 7 E
3 7 8 V
8 8
4 7 3 A
4 7 4 T
4 7 5 Q
4 7 6 E
4 7 7 E
4 7 8 V
4 7 9 I
9 9
5 7 4 T
5 7 5 Q
5 7 6 E
5 7 7 E
5 7 8 V
5 7 9 I
5 7 10 E
10 10
6 7 5 Q
6 7 6 E
6 7 7 E
6 7 8 V
6 7 9 I
6 7 10 E
6 7 11 L
11 11
7 7 6 E
7 7 7 E
7 7 8 V
7 7 9 I
7 7 10 E
7 7 11 L
7 7 12 V
12 12
8 7 7 E
8 7 8 V
8 7 9 I
8 7 10 E
8 7 11 L
8 7 12 V
8 7 13 N
13 13
9 7 8 V
9 7 9 I
9 7 10 E
9 7 11 L
9 7 12 V
9 7 13 N
9 7 14 N
14 14
10 7 9 I
10 7 10 E
10 7 11 L
10 7 12 V
10 7 13 N
10 7 14 N
10 7 15 Y
15 15
11 7 10 E
11 7 11 L
11 7 12 V
11 7 13 N
11 7 14 N
11 7 15 Y
11 7 16 V
16 16
12 7 11 L
12 7 12 V
12 7 13 N
12 7 14 N
12 7 15 Y
12 7 16 V
12 7 17 K
17 17
1 8 0 V
1 8 1 D
1 8 2 C
1 8 3 A
1 8 4 T
1 8 5 Q
1 8 6 E
1 8 7 E
2 8 1 D
2 8 2 C
2 8 3 A
2 8 4 T
2 8 5 Q
2 8 6 E
2 8 7 E
2 8 8 V
8 8
3 8 2 C
3 8 3 A
3 8 4 T
3 8 5 Q
3 8 6 E
3 8 7 E
3 8 8 V
3 8 9 I
9 9
4 8 3 A
4 8 4 T
4 8 5 Q
4 8 6 E
4 8 7 E
4 8 8 V
4 8 9 I
4 8 10 E
10 10
5 8 4 T
5 8 5 Q
5 8 6 E
5 8 7 E
5 8 8 V
5 8 9 I
5 8 10 E
5 8 11 L
11 11
6 8 5 Q
6 8 6 E
6 8 7 E
6 8 8 V
6 8 9 I
6 8 10 E
6 8 11 L
6 8 12 V
12 12
7 8 6 E
7 8 7 E
7 8 8 V
7 8 9 I
7 8 10 E
7 8 11 L
7 8 12 V
7 8 13 N
13 13
8 8 7 E
8 8 8 V
8 8 9 I
8 8 10 E
8 8 11 L
8 8 12 V
8 8 13 N
8 8 14 N
14 14
9 8 8 V
9 8 9 I
9 8 10 E
9 8 11 L
9 8 12 V
9 8 13 N
9 8 14 N
9 8 15 Y
15 15
10 8 9 I
10 8 10 E
10 8 11 L
10 8 12 V
10 8 13 N
10 8 14 N
10 8 15 Y
10 8 16 V
16 16
11 8 10 E
11 8 11 L
11 8 12 V
11 8 13 N
11 8 14 N
11 8 15 Y
11 8 16 V
11 8 17 K
17 17
1 9 0 V
1 9 1 D
1 9 2 C
1 9 3 A
1 9 4 T
1 9 5 Q
1 9 6 E
1 9 7 E
1 9 8 V
8 8
2 9 1 D
2 9 2 C
2 9 3 A
2 9 4 T
2 9 5 Q
2 9 6 E
2 9 7 E
2 9 8 V
2 9 9 I
9 9
3 9 2 C
3 9 3 A
3 9 4 T
3 9 5 Q
3 9 6 E
3 9 7 E
3 9 8 V
3 9 9 I
3 9 10 E
10 10
4 9 3 A
4 9 4 T
4 9 5 Q
4 9 6 E
4 9 7 E
4 9 8 V
4 9 9 I
4 9 10 E
4 9 11 L
11 11
5 9 4 T
5 9 5 Q
5 9 6 E
5 9 7 E
5 9 8 V
5 9 9 I
5 9 10 E
5 9 11 L
5 9 12 V
12 12
6 9 5 Q
6 9 6 E
6 9 7 E
6 9 8 V
6 9 9 I
6 9 10 E
6 9 11 L
6 9 12 V
6 9 13 N
13 13
7 9 6 E
7 9 7 E
7 9 8 V
7 9 9 I
7 9 10 E
7 9 11 L
7 9 12 V
7 9 13 N
7 9 14 N
14 14
8 9 7 E
8 9 8 V
8 9 9 I
8 9 10 E
8 9 11 L
8 9 12 V
8 9 13 N
8 9 14 N
8 9 15 Y
15 15
9 9 8 V
9 9 9 I
9 9 10 E
9 9 11 L
9 9 12 V
9 9 13 N
9 9 14 N
9 9 15 Y
9 9 16 V
16 16
10 9 9 I
10 9 10 E
10 9 11 L
10 9 12 V
10 9 13 N
10 9 14 N
10 9 15 Y
10 9 16 V
10 9 17 K
17 17
1 10 0 V
1 10 1 D
1 10 2 C
1 10 3 A
1 10 4 T
1 10 5 Q
1 10 6 E
1 10 7 E
1 10 8 V
1 10 9 I
9 9
2 10 1 D
2 10 2 C
2 10 3 A
2 10 4 T
2 10 5 Q
2 10 6 E
2 10 7 E
2 10 8 V
2 10 9 I
2 10 10 E
10 10
3 10 2 C
3 10 3 A
3 10 4 T
3 10 5 Q
3 10 6 E
3 10 7 E
3 10 8 V
3 10 9 I
3 10 10 E
3 10 11 L
11 11
4 10 3 A
4 10 4 T
4 10 5 Q
4 10 6 E
4 10 7 E
4 10 8 V
4 10 9 I
4 10 10 E
4 10 11 L
4 10 12 V
12 12
5 10 4 T
5 10 5 Q
5 10 6 E
5 10 7 E
5 10 8 V
5 10 9 I
5 10 10 E
5 10 11 L
5 10 12 V
5 10 13 N
13 13
6 10 5 Q
6 10 6 E
6 10 7 E
6 10 8 V
6 10 9 I
6 10 10 E
6 10 11 L
6 10 12 V
6 10 13 N
6 10 14 N
14 14
7 10 6 E
7 10 7 E
7 10 8 V
7 10 9 I
7 10 10 E
7 10 11 L
7 10 12 V
7 10 13 N
7 10 14 N
7 10 15 Y
15 15
8 10 7 E
8 10 8 V
8 10 9 I
8 10 10 E
8 10 11 L
8 10 12 V
8 10 13 N
8 10 14 N
8 10 15 Y
8 10 16 V
16 16
9 10 8 V
9 10 9 I
9 10 10 E
9 10 11 L
9 10 12 V
9 10 13 N
9 10 14 N
9 10 15 Y
9 10 16 V
9 10 17 K
17 17
1 11 0 V
1 11 1 D
1 11 2 C
1 11 3 A
1 11 4 T
1 11 5 Q
1 11 6 E
1 11 7 E
1 11 8 V
1 11 9 I
1 11 10 E
10 10
2 11 1 D
2 11 2 C
2 11 3 A
2 11 4 T
2 11 5 Q
2 11 6 E
2 11 7 E
2 11 8 V
2 11 9 I
2 11 10 E
2 11 11 L
11 11
3 11 2 C
3 11 3 A
3 11 4 T
3 11 5 Q
3 11 6 E
3 11 7 E
3 11 8 V
3 11 9 I
3 11 10 E
3 11 11 L
3 11 12 V
12 12
4 11 3 A
4 11 4 T
4 11 5 Q
4 11 6 E
4 11 7 E
4 11 8 V
4 11 9 I
4 11 10 E
4 11 11 L
4 11 12 V
4 11 13 N
13 13
5 11 4 T
5 11 5 Q
5 11 6 E
5 11 7 E
5 11 8 V
5 11 9 I
5 11 10 E
5 11 11 L
5 11 12 V
5 11 13 N
5 11 14 N
14 14
6 11 5 Q
6 11 6 E
6 11 7 E
6 11 8 V
6 11 9 I
6 11 10 E
6 11 11 L
6 11 12 V
6 11 13 N
6 11 14 N
6 11 15 Y
15 15
7 11 6 E
7 11 7 E
7 11 8 V
7 11 9 I
7 11 10 E
7 11 11 L
7 11 12 V
7 11 13 N
7 11 14 N
7 11 15 Y
7 11 16 V
16 16
8 11 7 E
8 11 8 V
8 11 9 I
8 11 10 E
8 11 11 L
8 11 12 V
8 11 13 N
8 11 14 N
8 11 15 Y
8 11 16 V
8 11 17 K
17 17
1 12 0 V
1 12 1 D
1 12 2 C
1 12 3 A
1 12 4 T
1 12 5 Q
1 12 6 E
1 12 7 E
1 12 8 V
1 12 9 I
1 12 10 E
1 12 11 L
11 11
2 12 1 D
2 12 2 C
2 12 3 A
2 12 4 T
2 12 5 Q
2 12 6 E
2 12 7 E
2 12 8 V
2 12 9 I
2 12 10 E
2 12 11 L
2 12 12 V
12 12
3 12 2 C
3 12 3 A
3 12 4 T
3 12 5 Q
3 12 6 E
3 12 7 E
3 12 8 V
3 12 9 I
3 12 10 E
3 12 11 L
3 12 12 V
3 12 13 N
13 13
4 12 3 A
4 12 4 T
4 12 5 Q
4 12 6 E
4 12 7 E
4 12 8 V
4 12 9 I
4 12 10 E
4 12 11 L
4 12 12 V
4 12 13 N
4 12 14 N
14 14
5 12 4 T
5 12 5 Q
5 12 6 E
5 12 7 E
5 12 8 V
5 12 9 I
5 12 10 E
5 12 11 L
5 12 12 V
5 12 13 N
5 12 14 N
5 12 15 Y
15 15
6 12 5 Q
6 12 6 E
6 12 7 E
6 12 8 V
6 12 9 I
6 12 10 E
6 12 11 L
6 12 12 V
6 12 13 N
6 12 14 N
6 12 15 Y
6 12 16 V
16 16
7 12 6 E
7 12 7 E
7 12 8 V
7 12 9 I
7 12 10 E
7 12 11 L
7 12 12 V
7 12 13 N
7 12 14 N
7 12 15 Y
7 12 16 V
7 12 17 K
17 17
1 13 0 V
1 13 1 D
1 13 2 C
1 13 3 A
1 13 4 T
1 13 5 Q
1 13 6 E
1 13 7 E
1 13 8 V
1 13 9 I
1 13 10 E
1 13 11 L
1 13 12 V
12 12
2 13 1 D
2 13 2 C
2 13 3 A
2 13 4 T
2 13 5 Q
2 13 6 E
2 13 7 E
2 13 8 V
2 13 9 I
2 13 10 E
2 13 11 L
2 13 12 V
2 13 13 N
13 13
3 13 2 C
3 13 3 A
3 13 4 T
3 13 5 Q
3 13 6 E
3 13 7 E
3 13 8 V
3 13 9 I
3 13 10 E
3 13 11 L
3 13 12 V
3 13 13 N
3 13 14 N
14 14
4 13 3 A
4 13 4 T
4 13 5 Q
4 13 6 E
4 13 7 E
4 13 8 V
4 13 9 I
4 13 10 E
4 13 11 L
4 13 12 V
4 13 13 N
4 13 14 N
4 13 15 Y
15 15
5 13 4 T
5 13 5 Q
5 13 6 E
5 13 7 E
5 13 8 V
5 13 9 I
5 13 10 E
5 13 11 L
5 13 12 V
5 13 13 N
5 13 14 N
5 13 15 Y
5 13 16 V
16 16
6 13 5 Q
6 13 6 E
6 13 7 E
6 13 8 V
6 13 9 I
6 13 10 E
6 13 11 L
6 13 12 V
6 13 13 N
6 13 14 N
6 13 15 Y
6 13 16 V
6 13 17 K
17 17
1 14 0 V
1 14 1 D
1 14 2 C
1 14 3 A
1 14 4 T
1 14 5 Q
1 14 6 E
1 14 7 E
1 14 8 V
1 14 9 I
1 14 10 E
1 14 11 L
1 14 12 V
1 14 13 N
13 13
2 14 1 D
2 14 2 C
2 14 3 A
2 14 4 T
2 14 5 Q
2 14 6 E
2 14 7 E
2 14 8 V
2 14 9 I
2 14 10 E
2 14 11 L
2 14 12 V
2 14 13 N
2 14 14 N
14 14
3 14 2 C
3 14 3 A
3 14 4 T
3 14 5 Q
3 14 6 E
3 14 7 E
3 14 8 V
3 14 9 I
3 14 10 E
3 14 11 L
3 14 12 V
3 14 13 N
3 14 14 N
3 14 15 Y
15 15
4 14 3 A
4 14 4 T
4 14 5 Q
4 14 6 E
4 14 7 E
4 14 8 V
4 14 9 I
4 14 10 E
4 14 11 L
4 14 12 V
4 14 13 N
4 14 14 N
4 14 15 Y
4 14 16 V
16 16
5 14 4 T
5 14 5 Q
5 14 6 E
5 14 7 E
5 14 8 V
5 14 9 I
5 14 10 E
5 14 11 L
5 14 12 V
5 14 13 N
5 14 14 N
5 14 15 Y
5 14 16 V
5 14 17 K
17 17
1 15 0 V
1 15 1 D
1 15 2 C
1 15 3 A
1 15 4 T
1 15 5 Q
1 15 6 E
1 15 7 E
1 15 8 V
1 15 9 I
1 15 10 E
1 15 11 L
1 15 12 V
1 15 13 N
1 15 14 N
14 14
2 15 1 D
2 15 2 C
2 15 3 A
2 15 4 T
2 15 5 Q
2 15 6 E
2 15 7 E
2 15 8 V
2 15 9 I
2 15 10 E
2 15 11 L
2 15 12 V
2 15 13 N
2 15 14 N
2 15 15 Y
15 15
3 15 2 C
3 15 3 A
3 15 4 T
3 15 5 Q
3 15 6 E
3 15 7 E
3 15 8 V
3 15 9 I
3 15 10 E
3 15 11 L
3 15 12 V
3 15 13 N
3 15 14 N
3 15 15 Y
3 15 16 V
16 16
4 15 3 A
4 15 4 T
4 15 5 Q
4 15 6 E
4 15 7 E
4 15 8 V
4 15 9 I
4 15 10 E
4 15 11 L
4 15 12 V
4 15 13 N
4 15 14 N
4 15 15 Y
4 15 16 V
4 15 17 K
17 17
1 16 0 V
1 16 1 D
1 16 2 C
1 16 3 A
1 16 4 T
1 16 5 Q
1 16 6 E
1 16 7 E
1 16 8 V
1 16 9 I
1 16 10 E
1 16 11 L
1 16 12 V
1 16 13 N
1 16 14 N
1 16 15 Y
15 15
2 16 1 D
2 16 2 C
2 16 3 A
2 16 4 T
2 16 5 Q
2 16 6 E
2 16 7 E
2 16 8 V
2 16 9 I
2 16 10 E
2 16 11 L
2 16 12 V
2 16 13 N
2 16 14 N
2 16 15 Y
2 16 16 V
16 16
3 16 2 C
3 16 3 A
3 16 4 T
3 16 5 Q
3 16 6 E
3 16 7 E
3 16 8 V
3 16 9 I
3 16 10 E
3 16 11 L
3 16 12 V
3 16 13 N
3 16 14 N
3 16 15 Y
3 16 16 V
3 16 17 K
17 17
1 17 0 V
1 17 1 D
1 17 2 C
1 17 3 A
1 17 4 T
1 17 5 Q
1 17 6 E
1 17 7 E
1 17 8 V
1 17 9 I
1 17 10 E
1 17 11 L
1 17 12 V
1 17 13 N
1 17 14 N
1 17 15 Y
1 17 16 V
16 16
2 17 1 D
2 17 2 C
2 17 3 A
2 17 4 T
2 17 5 Q
2 17 6 E
2 17 7 E
2 17 8 V
2 17 9 I
2 17 10 E
2 17 11 L
2 17 12 V
2 17 13 N
2 17 14 N
2 17 15 Y
2 17 16 V
2 17 17 K
17 17
1 18 0 V
1 18 1 D
1 18 2 C
1 18 3 A
1 18 4 T
1 18 5 Q
1 18 6 E
1 18 7 E
1 18 8 V
1 18 9 I
1 18 10 E
1 18 11 L
1 18 12 V
1 18 13 N
1 18 14 N
1 18 15 Y
1 18 16 V
1 18 17 K
17 17
betaaggr
partition
AGG 5.7215 AMYLO 1199.52 TURN 1.71613 HELIX 2.11442 HELAGG 0 BETA39.933
