Do you want a prediction per residue?. If yes type Y. Default, N
Type the name of the file with the peptide names, conditions and sequence in one letter code and press Enter
Ficher = Q9KJI0
Nterm = N
Cterm = N
pH = 7
temperatura = 298
ionic = 0.1
Stability = 0
Concentration = 1
aminoacido = MATQTKGYYYSYNGYV
1 peptides run, last one Q9KJI0 N N 7.00 298.00 0.10 MATQTKGYYYSYNGYV
1 6 0 M
1 6 1 A
1 6 2 T
1 6 3 Q
1 6 4 T
1 6 5 K
2 6 1 A
2 6 2 T
2 6 3 Q
2 6 4 T
2 6 5 K
2 6 6 G
6 6
3 6 2 T
3 6 3 Q
3 6 4 T
3 6 5 K
3 6 6 G
3 6 7 Y
7 7
4 6 3 Q
4 6 4 T
4 6 5 K
4 6 6 G
4 6 7 Y
4 6 8 Y
8 8
5 6 4 T
5 6 5 K
5 6 6 G
5 6 7 Y
5 6 8 Y
5 6 9 Y
9 9
6 6 5 K
6 6 6 G
6 6 7 Y
6 6 8 Y
6 6 9 Y
6 6 10 S
10 10
7 6 6 G
7 6 7 Y
7 6 8 Y
7 6 9 Y
7 6 10 S
7 6 11 Y
11 11
8 6 7 Y
8 6 8 Y
8 6 9 Y
8 6 10 S
8 6 11 Y
8 6 12 N
12 12
9 6 8 Y
9 6 9 Y
9 6 10 S
9 6 11 Y
9 6 12 N
9 6 13 G
13 13
10 6 9 Y
10 6 10 S
10 6 11 Y
10 6 12 N
10 6 13 G
10 6 14 Y
14 14
11 6 10 S
11 6 11 Y
11 6 12 N
11 6 13 G
11 6 14 Y
11 6 15 V
15 15
1 7 0 M
1 7 1 A
1 7 2 T
1 7 3 Q
1 7 4 T
1 7 5 K
1 7 6 G
6 6
2 7 1 A
2 7 2 T
2 7 3 Q
2 7 4 T
2 7 5 K
2 7 6 G
2 7 7 Y
7 7
3 7 2 T
3 7 3 Q
3 7 4 T
3 7 5 K
3 7 6 G
3 7 7 Y
3 7 8 Y
8 8
4 7 3 Q
4 7 4 T
4 7 5 K
4 7 6 G
4 7 7 Y
4 7 8 Y
4 7 9 Y
9 9
5 7 4 T
5 7 5 K
5 7 6 G
5 7 7 Y
5 7 8 Y
5 7 9 Y
5 7 10 S
10 10
6 7 5 K
6 7 6 G
6 7 7 Y
6 7 8 Y
6 7 9 Y
6 7 10 S
6 7 11 Y
11 11
7 7 6 G
7 7 7 Y
7 7 8 Y
7 7 9 Y
7 7 10 S
7 7 11 Y
7 7 12 N
12 12
8 7 7 Y
8 7 8 Y
8 7 9 Y
8 7 10 S
8 7 11 Y
8 7 12 N
8 7 13 G
13 13
9 7 8 Y
9 7 9 Y
9 7 10 S
9 7 11 Y
9 7 12 N
9 7 13 G
9 7 14 Y
14 14
10 7 9 Y
10 7 10 S
10 7 11 Y
10 7 12 N
10 7 13 G
10 7 14 Y
10 7 15 V
15 15
1 8 0 M
1 8 1 A
1 8 2 T
1 8 3 Q
1 8 4 T
1 8 5 K
1 8 6 G
1 8 7 Y
7 7
2 8 1 A
2 8 2 T
2 8 3 Q
2 8 4 T
2 8 5 K
2 8 6 G
2 8 7 Y
2 8 8 Y
8 8
3 8 2 T
3 8 3 Q
3 8 4 T
3 8 5 K
3 8 6 G
3 8 7 Y
3 8 8 Y
3 8 9 Y
9 9
4 8 3 Q
4 8 4 T
4 8 5 K
4 8 6 G
4 8 7 Y
4 8 8 Y
4 8 9 Y
4 8 10 S
10 10
5 8 4 T
5 8 5 K
5 8 6 G
5 8 7 Y
5 8 8 Y
5 8 9 Y
5 8 10 S
5 8 11 Y
11 11
6 8 5 K
6 8 6 G
6 8 7 Y
6 8 8 Y
6 8 9 Y
6 8 10 S
6 8 11 Y
6 8 12 N
12 12
7 8 6 G
7 8 7 Y
7 8 8 Y
7 8 9 Y
7 8 10 S
7 8 11 Y
7 8 12 N
7 8 13 G
13 13
8 8 7 Y
8 8 8 Y
8 8 9 Y
8 8 10 S
8 8 11 Y
8 8 12 N
8 8 13 G
8 8 14 Y
14 14
9 8 8 Y
9 8 9 Y
9 8 10 S
9 8 11 Y
9 8 12 N
9 8 13 G
9 8 14 Y
9 8 15 V
15 15
1 9 0 M
1 9 1 A
1 9 2 T
1 9 3 Q
1 9 4 T
1 9 5 K
1 9 6 G
1 9 7 Y
1 9 8 Y
8 8
2 9 1 A
2 9 2 T
2 9 3 Q
2 9 4 T
2 9 5 K
2 9 6 G
2 9 7 Y
2 9 8 Y
2 9 9 Y
9 9
3 9 2 T
3 9 3 Q
3 9 4 T
3 9 5 K
3 9 6 G
3 9 7 Y
3 9 8 Y
3 9 9 Y
3 9 10 S
10 10
4 9 3 Q
4 9 4 T
4 9 5 K
4 9 6 G
4 9 7 Y
4 9 8 Y
4 9 9 Y
4 9 10 S
4 9 11 Y
11 11
5 9 4 T
5 9 5 K
5 9 6 G
5 9 7 Y
5 9 8 Y
5 9 9 Y
5 9 10 S
5 9 11 Y
5 9 12 N
12 12
6 9 5 K
6 9 6 G
6 9 7 Y
6 9 8 Y
6 9 9 Y
6 9 10 S
6 9 11 Y
6 9 12 N
6 9 13 G
13 13
7 9 6 G
7 9 7 Y
7 9 8 Y
7 9 9 Y
7 9 10 S
7 9 11 Y
7 9 12 N
7 9 13 G
7 9 14 Y
14 14
8 9 7 Y
8 9 8 Y
8 9 9 Y
8 9 10 S
8 9 11 Y
8 9 12 N
8 9 13 G
8 9 14 Y
8 9 15 V
15 15
1 10 0 M
1 10 1 A
1 10 2 T
1 10 3 Q
1 10 4 T
1 10 5 K
1 10 6 G
1 10 7 Y
1 10 8 Y
1 10 9 Y
9 9
2 10 1 A
2 10 2 T
2 10 3 Q
2 10 4 T
2 10 5 K
2 10 6 G
2 10 7 Y
2 10 8 Y
2 10 9 Y
2 10 10 S
10 10
3 10 2 T
3 10 3 Q
3 10 4 T
3 10 5 K
3 10 6 G
3 10 7 Y
3 10 8 Y
3 10 9 Y
3 10 10 S
3 10 11 Y
11 11
4 10 3 Q
4 10 4 T
4 10 5 K
4 10 6 G
4 10 7 Y
4 10 8 Y
4 10 9 Y
4 10 10 S
4 10 11 Y
4 10 12 N
12 12
5 10 4 T
5 10 5 K
5 10 6 G
5 10 7 Y
5 10 8 Y
5 10 9 Y
5 10 10 S
5 10 11 Y
5 10 12 N
5 10 13 G
13 13
6 10 5 K
6 10 6 G
6 10 7 Y
6 10 8 Y
6 10 9 Y
6 10 10 S
6 10 11 Y
6 10 12 N
6 10 13 G
6 10 14 Y
14 14
7 10 6 G
7 10 7 Y
7 10 8 Y
7 10 9 Y
7 10 10 S
7 10 11 Y
7 10 12 N
7 10 13 G
7 10 14 Y
7 10 15 V
15 15
1 11 0 M
1 11 1 A
1 11 2 T
1 11 3 Q
1 11 4 T
1 11 5 K
1 11 6 G
1 11 7 Y
1 11 8 Y
1 11 9 Y
1 11 10 S
10 10
2 11 1 A
2 11 2 T
2 11 3 Q
2 11 4 T
2 11 5 K
2 11 6 G
2 11 7 Y
2 11 8 Y
2 11 9 Y
2 11 10 S
2 11 11 Y
11 11
3 11 2 T
3 11 3 Q
3 11 4 T
3 11 5 K
3 11 6 G
3 11 7 Y
3 11 8 Y
3 11 9 Y
3 11 10 S
3 11 11 Y
3 11 12 N
12 12
4 11 3 Q
4 11 4 T
4 11 5 K
4 11 6 G
4 11 7 Y
4 11 8 Y
4 11 9 Y
4 11 10 S
4 11 11 Y
4 11 12 N
4 11 13 G
13 13
5 11 4 T
5 11 5 K
5 11 6 G
5 11 7 Y
5 11 8 Y
5 11 9 Y
5 11 10 S
5 11 11 Y
5 11 12 N
5 11 13 G
5 11 14 Y
14 14
6 11 5 K
6 11 6 G
6 11 7 Y
6 11 8 Y
6 11 9 Y
6 11 10 S
6 11 11 Y
6 11 12 N
6 11 13 G
6 11 14 Y
6 11 15 V
15 15
1 12 0 M
1 12 1 A
1 12 2 T
1 12 3 Q
1 12 4 T
1 12 5 K
1 12 6 G
1 12 7 Y
1 12 8 Y
1 12 9 Y
1 12 10 S
1 12 11 Y
11 11
2 12 1 A
2 12 2 T
2 12 3 Q
2 12 4 T
2 12 5 K
2 12 6 G
2 12 7 Y
2 12 8 Y
2 12 9 Y
2 12 10 S
2 12 11 Y
2 12 12 N
12 12
3 12 2 T
3 12 3 Q
3 12 4 T
3 12 5 K
3 12 6 G
3 12 7 Y
3 12 8 Y
3 12 9 Y
3 12 10 S
3 12 11 Y
3 12 12 N
3 12 13 G
13 13
4 12 3 Q
4 12 4 T
4 12 5 K
4 12 6 G
4 12 7 Y
4 12 8 Y
4 12 9 Y
4 12 10 S
4 12 11 Y
4 12 12 N
4 12 13 G
4 12 14 Y
14 14
5 12 4 T
5 12 5 K
5 12 6 G
5 12 7 Y
5 12 8 Y
5 12 9 Y
5 12 10 S
5 12 11 Y
5 12 12 N
5 12 13 G
5 12 14 Y
5 12 15 V
15 15
1 13 0 M
1 13 1 A
1 13 2 T
1 13 3 Q
1 13 4 T
1 13 5 K
1 13 6 G
1 13 7 Y
1 13 8 Y
1 13 9 Y
1 13 10 S
1 13 11 Y
1 13 12 N
12 12
2 13 1 A
2 13 2 T
2 13 3 Q
2 13 4 T
2 13 5 K
2 13 6 G
2 13 7 Y
2 13 8 Y
2 13 9 Y
2 13 10 S
2 13 11 Y
2 13 12 N
2 13 13 G
13 13
3 13 2 T
3 13 3 Q
3 13 4 T
3 13 5 K
3 13 6 G
3 13 7 Y
3 13 8 Y
3 13 9 Y
3 13 10 S
3 13 11 Y
3 13 12 N
3 13 13 G
3 13 14 Y
14 14
4 13 3 Q
4 13 4 T
4 13 5 K
4 13 6 G
4 13 7 Y
4 13 8 Y
4 13 9 Y
4 13 10 S
4 13 11 Y
4 13 12 N
4 13 13 G
4 13 14 Y
4 13 15 V
15 15
1 14 0 M
1 14 1 A
1 14 2 T
1 14 3 Q
1 14 4 T
1 14 5 K
1 14 6 G
1 14 7 Y
1 14 8 Y
1 14 9 Y
1 14 10 S
1 14 11 Y
1 14 12 N
1 14 13 G
13 13
2 14 1 A
2 14 2 T
2 14 3 Q
2 14 4 T
2 14 5 K
2 14 6 G
2 14 7 Y
2 14 8 Y
2 14 9 Y
2 14 10 S
2 14 11 Y
2 14 12 N
2 14 13 G
2 14 14 Y
14 14
3 14 2 T
3 14 3 Q
3 14 4 T
3 14 5 K
3 14 6 G
3 14 7 Y
3 14 8 Y
3 14 9 Y
3 14 10 S
3 14 11 Y
3 14 12 N
3 14 13 G
3 14 14 Y
3 14 15 V
15 15
1 15 0 M
1 15 1 A
1 15 2 T
1 15 3 Q
1 15 4 T
1 15 5 K
1 15 6 G
1 15 7 Y
1 15 8 Y
1 15 9 Y
1 15 10 S
1 15 11 Y
1 15 12 N
1 15 13 G
1 15 14 Y
14 14
2 15 1 A
2 15 2 T
2 15 3 Q
2 15 4 T
2 15 5 K
2 15 6 G
2 15 7 Y
2 15 8 Y
2 15 9 Y
2 15 10 S
2 15 11 Y
2 15 12 N
2 15 13 G
2 15 14 Y
2 15 15 V
15 15
1 16 0 M
1 16 1 A
1 16 2 T
1 16 3 Q
1 16 4 T
1 16 5 K
1 16 6 G
1 16 7 Y
1 16 8 Y
1 16 9 Y
1 16 10 S
1 16 11 Y
1 16 12 N
1 16 13 G
1 16 14 Y
1 16 15 V
15 15
betaaggr
partition
AGG 4.1602 AMYLO 14.8044 TURN 33.3464 HELIX 0 HELAGG 0 BETA55.4791
