Do you want a prediction per residue?. If yes type Y. Default, N
Type the name of the file with the peptide names, conditions and sequence in one letter code and press Enter
Ficher = S4T8S5
Nterm = N
Cterm = N
pH = 7
temperatura = 298
ionic = 0.1
Stability = 0
Concentration = 1
aminoacido = MKTITQEELNKILVEHKLA
1 peptides run, last one S4T8S5 N N 7.00 298.00 0.10 MKTITQEELNKILVEHKLA
1 6 0 M
1 6 1 K
1 6 2 T
1 6 3 I
1 6 4 T
1 6 5 Q
5 5
2 6 1 K
2 6 2 T
2 6 3 I
2 6 4 T
2 6 5 Q
2 6 6 E
6 6
3 6 2 T
3 6 3 I
3 6 4 T
3 6 5 Q
3 6 6 E
3 6 7 E
7 7
4 6 3 I
4 6 4 T
4 6 5 Q
4 6 6 E
4 6 7 E
4 6 8 L
8 8
5 6 4 T
5 6 5 Q
5 6 6 E
5 6 7 E
5 6 8 L
5 6 9 N
9 9
6 6 5 Q
6 6 6 E
6 6 7 E
6 6 8 L
6 6 9 N
6 6 10 K
10 10
7 6 6 E
7 6 7 E
7 6 8 L
7 6 9 N
7 6 10 K
7 6 11 I
11 11
8 6 7 E
8 6 8 L
8 6 9 N
8 6 10 K
8 6 11 I
8 6 12 L
12 12
9 6 8 L
9 6 9 N
9 6 10 K
9 6 11 I
9 6 12 L
9 6 13 V
13 13
10 6 9 N
10 6 10 K
10 6 11 I
10 6 12 L
10 6 13 V
10 6 14 E
14 14
11 6 10 K
11 6 11 I
11 6 12 L
11 6 13 V
11 6 14 E
11 6 15 H
15 15
12 6 11 I
12 6 12 L
12 6 13 V
12 6 14 E
12 6 15 H
12 6 16 K
16 16
13 6 12 L
13 6 13 V
13 6 14 E
13 6 15 H
13 6 16 K
13 6 17 L
17 17
14 6 13 V
14 6 14 E
14 6 15 H
14 6 16 K
14 6 17 L
14 6 18 A
1 7 0 M
1 7 1 K
1 7 2 T
1 7 3 I
1 7 4 T
1 7 5 Q
1 7 6 E
6 6
2 7 1 K
2 7 2 T
2 7 3 I
2 7 4 T
2 7 5 Q
2 7 6 E
2 7 7 E
7 7
3 7 2 T
3 7 3 I
3 7 4 T
3 7 5 Q
3 7 6 E
3 7 7 E
3 7 8 L
8 8
4 7 3 I
4 7 4 T
4 7 5 Q
4 7 6 E
4 7 7 E
4 7 8 L
4 7 9 N
9 9
5 7 4 T
5 7 5 Q
5 7 6 E
5 7 7 E
5 7 8 L
5 7 9 N
5 7 10 K
10 10
6 7 5 Q
6 7 6 E
6 7 7 E
6 7 8 L
6 7 9 N
6 7 10 K
6 7 11 I
11 11
7 7 6 E
7 7 7 E
7 7 8 L
7 7 9 N
7 7 10 K
7 7 11 I
7 7 12 L
12 12
8 7 7 E
8 7 8 L
8 7 9 N
8 7 10 K
8 7 11 I
8 7 12 L
8 7 13 V
13 13
9 7 8 L
9 7 9 N
9 7 10 K
9 7 11 I
9 7 12 L
9 7 13 V
9 7 14 E
14 14
10 7 9 N
10 7 10 K
10 7 11 I
10 7 12 L
10 7 13 V
10 7 14 E
10 7 15 H
15 15
11 7 10 K
11 7 11 I
11 7 12 L
11 7 13 V
11 7 14 E
11 7 15 H
11 7 16 K
16 16
12 7 11 I
12 7 12 L
12 7 13 V
12 7 14 E
12 7 15 H
12 7 16 K
12 7 17 L
17 17
13 7 12 L
13 7 13 V
13 7 14 E
13 7 15 H
13 7 16 K
13 7 17 L
13 7 18 A
1 8 0 M
1 8 1 K
1 8 2 T
1 8 3 I
1 8 4 T
1 8 5 Q
1 8 6 E
1 8 7 E
7 7
2 8 1 K
2 8 2 T
2 8 3 I
2 8 4 T
2 8 5 Q
2 8 6 E
2 8 7 E
2 8 8 L
8 8
3 8 2 T
3 8 3 I
3 8 4 T
3 8 5 Q
3 8 6 E
3 8 7 E
3 8 8 L
3 8 9 N
9 9
4 8 3 I
4 8 4 T
4 8 5 Q
4 8 6 E
4 8 7 E
4 8 8 L
4 8 9 N
4 8 10 K
10 10
5 8 4 T
5 8 5 Q
5 8 6 E
5 8 7 E
5 8 8 L
5 8 9 N
5 8 10 K
5 8 11 I
11 11
6 8 5 Q
6 8 6 E
6 8 7 E
6 8 8 L
6 8 9 N
6 8 10 K
6 8 11 I
6 8 12 L
12 12
7 8 6 E
7 8 7 E
7 8 8 L
7 8 9 N
7 8 10 K
7 8 11 I
7 8 12 L
7 8 13 V
13 13
8 8 7 E
8 8 8 L
8 8 9 N
8 8 10 K
8 8 11 I
8 8 12 L
8 8 13 V
8 8 14 E
14 14
9 8 8 L
9 8 9 N
9 8 10 K
9 8 11 I
9 8 12 L
9 8 13 V
9 8 14 E
9 8 15 H
15 15
10 8 9 N
10 8 10 K
10 8 11 I
10 8 12 L
10 8 13 V
10 8 14 E
10 8 15 H
10 8 16 K
16 16
11 8 10 K
11 8 11 I
11 8 12 L
11 8 13 V
11 8 14 E
11 8 15 H
11 8 16 K
11 8 17 L
17 17
12 8 11 I
12 8 12 L
12 8 13 V
12 8 14 E
12 8 15 H
12 8 16 K
12 8 17 L
12 8 18 A
1 9 0 M
1 9 1 K
1 9 2 T
1 9 3 I
1 9 4 T
1 9 5 Q
1 9 6 E
1 9 7 E
1 9 8 L
8 8
2 9 1 K
2 9 2 T
2 9 3 I
2 9 4 T
2 9 5 Q
2 9 6 E
2 9 7 E
2 9 8 L
2 9 9 N
9 9
3 9 2 T
3 9 3 I
3 9 4 T
3 9 5 Q
3 9 6 E
3 9 7 E
3 9 8 L
3 9 9 N
3 9 10 K
10 10
4 9 3 I
4 9 4 T
4 9 5 Q
4 9 6 E
4 9 7 E
4 9 8 L
4 9 9 N
4 9 10 K
4 9 11 I
11 11
5 9 4 T
5 9 5 Q
5 9 6 E
5 9 7 E
5 9 8 L
5 9 9 N
5 9 10 K
5 9 11 I
5 9 12 L
12 12
6 9 5 Q
6 9 6 E
6 9 7 E
6 9 8 L
6 9 9 N
6 9 10 K
6 9 11 I
6 9 12 L
6 9 13 V
13 13
7 9 6 E
7 9 7 E
7 9 8 L
7 9 9 N
7 9 10 K
7 9 11 I
7 9 12 L
7 9 13 V
7 9 14 E
14 14
8 9 7 E
8 9 8 L
8 9 9 N
8 9 10 K
8 9 11 I
8 9 12 L
8 9 13 V
8 9 14 E
8 9 15 H
15 15
9 9 8 L
9 9 9 N
9 9 10 K
9 9 11 I
9 9 12 L
9 9 13 V
9 9 14 E
9 9 15 H
9 9 16 K
16 16
10 9 9 N
10 9 10 K
10 9 11 I
10 9 12 L
10 9 13 V
10 9 14 E
10 9 15 H
10 9 16 K
10 9 17 L
17 17
11 9 10 K
11 9 11 I
11 9 12 L
11 9 13 V
11 9 14 E
11 9 15 H
11 9 16 K
11 9 17 L
11 9 18 A
1 10 0 M
1 10 1 K
1 10 2 T
1 10 3 I
1 10 4 T
1 10 5 Q
1 10 6 E
1 10 7 E
1 10 8 L
1 10 9 N
9 9
2 10 1 K
2 10 2 T
2 10 3 I
2 10 4 T
2 10 5 Q
2 10 6 E
2 10 7 E
2 10 8 L
2 10 9 N
2 10 10 K
10 10
3 10 2 T
3 10 3 I
3 10 4 T
3 10 5 Q
3 10 6 E
3 10 7 E
3 10 8 L
3 10 9 N
3 10 10 K
3 10 11 I
11 11
4 10 3 I
4 10 4 T
4 10 5 Q
4 10 6 E
4 10 7 E
4 10 8 L
4 10 9 N
4 10 10 K
4 10 11 I
4 10 12 L
12 12
5 10 4 T
5 10 5 Q
5 10 6 E
5 10 7 E
5 10 8 L
5 10 9 N
5 10 10 K
5 10 11 I
5 10 12 L
5 10 13 V
13 13
6 10 5 Q
6 10 6 E
6 10 7 E
6 10 8 L
6 10 9 N
6 10 10 K
6 10 11 I
6 10 12 L
6 10 13 V
6 10 14 E
14 14
7 10 6 E
7 10 7 E
7 10 8 L
7 10 9 N
7 10 10 K
7 10 11 I
7 10 12 L
7 10 13 V
7 10 14 E
7 10 15 H
15 15
8 10 7 E
8 10 8 L
8 10 9 N
8 10 10 K
8 10 11 I
8 10 12 L
8 10 13 V
8 10 14 E
8 10 15 H
8 10 16 K
16 16
9 10 8 L
9 10 9 N
9 10 10 K
9 10 11 I
9 10 12 L
9 10 13 V
9 10 14 E
9 10 15 H
9 10 16 K
9 10 17 L
17 17
10 10 9 N
10 10 10 K
10 10 11 I
10 10 12 L
10 10 13 V
10 10 14 E
10 10 15 H
10 10 16 K
10 10 17 L
10 10 18 A
1 11 0 M
1 11 1 K
1 11 2 T
1 11 3 I
1 11 4 T
1 11 5 Q
1 11 6 E
1 11 7 E
1 11 8 L
1 11 9 N
1 11 10 K
10 10
2 11 1 K
2 11 2 T
2 11 3 I
2 11 4 T
2 11 5 Q
2 11 6 E
2 11 7 E
2 11 8 L
2 11 9 N
2 11 10 K
2 11 11 I
11 11
3 11 2 T
3 11 3 I
3 11 4 T
3 11 5 Q
3 11 6 E
3 11 7 E
3 11 8 L
3 11 9 N
3 11 10 K
3 11 11 I
3 11 12 L
12 12
4 11 3 I
4 11 4 T
4 11 5 Q
4 11 6 E
4 11 7 E
4 11 8 L
4 11 9 N
4 11 10 K
4 11 11 I
4 11 12 L
4 11 13 V
13 13
5 11 4 T
5 11 5 Q
5 11 6 E
5 11 7 E
5 11 8 L
5 11 9 N
5 11 10 K
5 11 11 I
5 11 12 L
5 11 13 V
5 11 14 E
14 14
6 11 5 Q
6 11 6 E
6 11 7 E
6 11 8 L
6 11 9 N
6 11 10 K
6 11 11 I
6 11 12 L
6 11 13 V
6 11 14 E
6 11 15 H
15 15
7 11 6 E
7 11 7 E
7 11 8 L
7 11 9 N
7 11 10 K
7 11 11 I
7 11 12 L
7 11 13 V
7 11 14 E
7 11 15 H
7 11 16 K
16 16
8 11 7 E
8 11 8 L
8 11 9 N
8 11 10 K
8 11 11 I
8 11 12 L
8 11 13 V
8 11 14 E
8 11 15 H
8 11 16 K
8 11 17 L
17 17
9 11 8 L
9 11 9 N
9 11 10 K
9 11 11 I
9 11 12 L
9 11 13 V
9 11 14 E
9 11 15 H
9 11 16 K
9 11 17 L
9 11 18 A
1 12 0 M
1 12 1 K
1 12 2 T
1 12 3 I
1 12 4 T
1 12 5 Q
1 12 6 E
1 12 7 E
1 12 8 L
1 12 9 N
1 12 10 K
1 12 11 I
11 11
2 12 1 K
2 12 2 T
2 12 3 I
2 12 4 T
2 12 5 Q
2 12 6 E
2 12 7 E
2 12 8 L
2 12 9 N
2 12 10 K
2 12 11 I
2 12 12 L
12 12
3 12 2 T
3 12 3 I
3 12 4 T
3 12 5 Q
3 12 6 E
3 12 7 E
3 12 8 L
3 12 9 N
3 12 10 K
3 12 11 I
3 12 12 L
3 12 13 V
13 13
4 12 3 I
4 12 4 T
4 12 5 Q
4 12 6 E
4 12 7 E
4 12 8 L
4 12 9 N
4 12 10 K
4 12 11 I
4 12 12 L
4 12 13 V
4 12 14 E
14 14
5 12 4 T
5 12 5 Q
5 12 6 E
5 12 7 E
5 12 8 L
5 12 9 N
5 12 10 K
5 12 11 I
5 12 12 L
5 12 13 V
5 12 14 E
5 12 15 H
15 15
6 12 5 Q
6 12 6 E
6 12 7 E
6 12 8 L
6 12 9 N
6 12 10 K
6 12 11 I
6 12 12 L
6 12 13 V
6 12 14 E
6 12 15 H
6 12 16 K
16 16
7 12 6 E
7 12 7 E
7 12 8 L
7 12 9 N
7 12 10 K
7 12 11 I
7 12 12 L
7 12 13 V
7 12 14 E
7 12 15 H
7 12 16 K
7 12 17 L
17 17
8 12 7 E
8 12 8 L
8 12 9 N
8 12 10 K
8 12 11 I
8 12 12 L
8 12 13 V
8 12 14 E
8 12 15 H
8 12 16 K
8 12 17 L
8 12 18 A
1 13 0 M
1 13 1 K
1 13 2 T
1 13 3 I
1 13 4 T
1 13 5 Q
1 13 6 E
1 13 7 E
1 13 8 L
1 13 9 N
1 13 10 K
1 13 11 I
1 13 12 L
12 12
2 13 1 K
2 13 2 T
2 13 3 I
2 13 4 T
2 13 5 Q
2 13 6 E
2 13 7 E
2 13 8 L
2 13 9 N
2 13 10 K
2 13 11 I
2 13 12 L
2 13 13 V
13 13
3 13 2 T
3 13 3 I
3 13 4 T
3 13 5 Q
3 13 6 E
3 13 7 E
3 13 8 L
3 13 9 N
3 13 10 K
3 13 11 I
3 13 12 L
3 13 13 V
3 13 14 E
14 14
4 13 3 I
4 13 4 T
4 13 5 Q
4 13 6 E
4 13 7 E
4 13 8 L
4 13 9 N
4 13 10 K
4 13 11 I
4 13 12 L
4 13 13 V
4 13 14 E
4 13 15 H
15 15
5 13 4 T
5 13 5 Q
5 13 6 E
5 13 7 E
5 13 8 L
5 13 9 N
5 13 10 K
5 13 11 I
5 13 12 L
5 13 13 V
5 13 14 E
5 13 15 H
5 13 16 K
16 16
6 13 5 Q
6 13 6 E
6 13 7 E
6 13 8 L
6 13 9 N
6 13 10 K
6 13 11 I
6 13 12 L
6 13 13 V
6 13 14 E
6 13 15 H
6 13 16 K
6 13 17 L
17 17
7 13 6 E
7 13 7 E
7 13 8 L
7 13 9 N
7 13 10 K
7 13 11 I
7 13 12 L
7 13 13 V
7 13 14 E
7 13 15 H
7 13 16 K
7 13 17 L
7 13 18 A
1 14 0 M
1 14 1 K
1 14 2 T
1 14 3 I
1 14 4 T
1 14 5 Q
1 14 6 E
1 14 7 E
1 14 8 L
1 14 9 N
1 14 10 K
1 14 11 I
1 14 12 L
1 14 13 V
13 13
2 14 1 K
2 14 2 T
2 14 3 I
2 14 4 T
2 14 5 Q
2 14 6 E
2 14 7 E
2 14 8 L
2 14 9 N
2 14 10 K
2 14 11 I
2 14 12 L
2 14 13 V
2 14 14 E
14 14
3 14 2 T
3 14 3 I
3 14 4 T
3 14 5 Q
3 14 6 E
3 14 7 E
3 14 8 L
3 14 9 N
3 14 10 K
3 14 11 I
3 14 12 L
3 14 13 V
3 14 14 E
3 14 15 H
15 15
4 14 3 I
4 14 4 T
4 14 5 Q
4 14 6 E
4 14 7 E
4 14 8 L
4 14 9 N
4 14 10 K
4 14 11 I
4 14 12 L
4 14 13 V
4 14 14 E
4 14 15 H
4 14 16 K
16 16
5 14 4 T
5 14 5 Q
5 14 6 E
5 14 7 E
5 14 8 L
5 14 9 N
5 14 10 K
5 14 11 I
5 14 12 L
5 14 13 V
5 14 14 E
5 14 15 H
5 14 16 K
5 14 17 L
17 17
6 14 5 Q
6 14 6 E
6 14 7 E
6 14 8 L
6 14 9 N
6 14 10 K
6 14 11 I
6 14 12 L
6 14 13 V
6 14 14 E
6 14 15 H
6 14 16 K
6 14 17 L
6 14 18 A
1 15 0 M
1 15 1 K
1 15 2 T
1 15 3 I
1 15 4 T
1 15 5 Q
1 15 6 E
1 15 7 E
1 15 8 L
1 15 9 N
1 15 10 K
1 15 11 I
1 15 12 L
1 15 13 V
1 15 14 E
14 14
2 15 1 K
2 15 2 T
2 15 3 I
2 15 4 T
2 15 5 Q
2 15 6 E
2 15 7 E
2 15 8 L
2 15 9 N
2 15 10 K
2 15 11 I
2 15 12 L
2 15 13 V
2 15 14 E
2 15 15 H
15 15
3 15 2 T
3 15 3 I
3 15 4 T
3 15 5 Q
3 15 6 E
3 15 7 E
3 15 8 L
3 15 9 N
3 15 10 K
3 15 11 I
3 15 12 L
3 15 13 V
3 15 14 E
3 15 15 H
3 15 16 K
16 16
4 15 3 I
4 15 4 T
4 15 5 Q
4 15 6 E
4 15 7 E
4 15 8 L
4 15 9 N
4 15 10 K
4 15 11 I
4 15 12 L
4 15 13 V
4 15 14 E
4 15 15 H
4 15 16 K
4 15 17 L
17 17
5 15 4 T
5 15 5 Q
5 15 6 E
5 15 7 E
5 15 8 L
5 15 9 N
5 15 10 K
5 15 11 I
5 15 12 L
5 15 13 V
5 15 14 E
5 15 15 H
5 15 16 K
5 15 17 L
5 15 18 A
1 16 0 M
1 16 1 K
1 16 2 T
1 16 3 I
1 16 4 T
1 16 5 Q
1 16 6 E
1 16 7 E
1 16 8 L
1 16 9 N
1 16 10 K
1 16 11 I
1 16 12 L
1 16 13 V
1 16 14 E
1 16 15 H
15 15
2 16 1 K
2 16 2 T
2 16 3 I
2 16 4 T
2 16 5 Q
2 16 6 E
2 16 7 E
2 16 8 L
2 16 9 N
2 16 10 K
2 16 11 I
2 16 12 L
2 16 13 V
2 16 14 E
2 16 15 H
2 16 16 K
16 16
3 16 2 T
3 16 3 I
3 16 4 T
3 16 5 Q
3 16 6 E
3 16 7 E
3 16 8 L
3 16 9 N
3 16 10 K
3 16 11 I
3 16 12 L
3 16 13 V
3 16 14 E
3 16 15 H
3 16 16 K
3 16 17 L
17 17
4 16 3 I
4 16 4 T
4 16 5 Q
4 16 6 E
4 16 7 E
4 16 8 L
4 16 9 N
4 16 10 K
4 16 11 I
4 16 12 L
4 16 13 V
4 16 14 E
4 16 15 H
4 16 16 K
4 16 17 L
4 16 18 A
1 17 0 M
1 17 1 K
1 17 2 T
1 17 3 I
1 17 4 T
1 17 5 Q
1 17 6 E
1 17 7 E
1 17 8 L
1 17 9 N
1 17 10 K
1 17 11 I
1 17 12 L
1 17 13 V
1 17 14 E
1 17 15 H
1 17 16 K
16 16
2 17 1 K
2 17 2 T
2 17 3 I
2 17 4 T
2 17 5 Q
2 17 6 E
2 17 7 E
2 17 8 L
2 17 9 N
2 17 10 K
2 17 11 I
2 17 12 L
2 17 13 V
2 17 14 E
2 17 15 H
2 17 16 K
2 17 17 L
17 17
3 17 2 T
3 17 3 I
3 17 4 T
3 17 5 Q
3 17 6 E
3 17 7 E
3 17 8 L
3 17 9 N
3 17 10 K
3 17 11 I
3 17 12 L
3 17 13 V
3 17 14 E
3 17 15 H
3 17 16 K
3 17 17 L
3 17 18 A
1 18 0 M
1 18 1 K
1 18 2 T
1 18 3 I
1 18 4 T
1 18 5 Q
1 18 6 E
1 18 7 E
1 18 8 L
1 18 9 N
1 18 10 K
1 18 11 I
1 18 12 L
1 18 13 V
1 18 14 E
1 18 15 H
1 18 16 K
1 18 17 L
17 17
2 18 1 K
2 18 2 T
2 18 3 I
2 18 4 T
2 18 5 Q
2 18 6 E
2 18 7 E
2 18 8 L
2 18 9 N
2 18 10 K
2 18 11 I
2 18 12 L
2 18 13 V
2 18 14 E
2 18 15 H
2 18 16 K
2 18 17 L
2 18 18 A
1 19 0 M
1 19 1 K
1 19 2 T
1 19 3 I
1 19 4 T
1 19 5 Q
1 19 6 E
1 19 7 E
1 19 8 L
1 19 9 N
1 19 10 K
1 19 11 I
1 19 12 L
1 19 13 V
1 19 14 E
1 19 15 H
1 19 16 K
1 19 17 L
1 19 18 A
betaaggr
partition
AGG 0 AMYLO 17.8951 TURN 1.22424 HELIX 174.1 HELAGG 4.53188e-09 BETA65.134
